0
0
0
0
0
0
0
0
0
0
0
0
0
0
0
0
0
0
0
0
0
0
0
0
0
0
0
0
0
0
0
0
0
0
0
0
0
0
0
0
0
0
0
0
0
0
0
0
0
0
0
0
0
0
0
0
0
0
0
0
0
0
0
0
0
0
0
0
0
0
0
0
0
0
0
0
0
0
0
0
0
0
0
0
0
0
0
0
0
0
0
0
0
0
0
0
0
0
0
0
0
0
0
0
0
0
0
0
0
0
0
0
0
0
0
0
0
0
0
0
0
0
0
0
0
0
0
0
0
0
0
0
0
0
0
0
0
0
0
0
0
0
0
0
0
0
0
0
0
0
0
0
0
0
0
0
0
0
0
0
0
0
0
0
0
0
0
0
0
0
0
0
0
0
0
0
0
0
0
0
0
0
0
0
0
0
0
0
0
0
0
0
0
0
0
0
0
0
0
0
0
0
0
0
0
0
0
0
0
0
0
0
0
0
0
0
0
0
0
0
0
0
0
0
0
0
0
0
0
0
0
0
0
0
0
0
0
0
0
0
0
0
0
0
0
0
0
0
0
0
0
0
0
0
0
0
0
0
0
0
0
0
0
0
0
0
0
0
0
0
0
0
0
0
0
0
0
0
0
0
0
0
0
0
0
0
0
0
0
0
0
0
0
0
0
0
0
0
0
0
0
0
0
0
0
0
0
0
0
0
0
0
0
0
0
0
0
0
0
0
0
0
0
0
0
0
0
0
0
0
0
0
0
0
0
0
0
0
0
0
0
0
0
0
0
0
0
0
0
0
0
0
0
0
0
0
0
0
0
0
0
0
0
0
0
0
0
0
0
0
0
0
0
0
0
0
0
0
0
0
0
0
0
0
0
0
0
0
0
0
0
0
0
0
0
0
0
0
0
0
0
0
0
0
0
0
0
0
0
0
0
0
0
0
0
0
0
0
0
0
0
0
0
0
0
0
0
0
0
0
0
0
0
0
0
0
0
0
0
-1.0941304225330882e-10
-1.1934764313579625e-10
-1.2173625029838134e-10
-1.1446465440617356e-10
0
0
0
0
1.0747603074264854e-10
1.8468895531076068e-10
2.6566488054546494e-10
3.4453413498358353e-10
4.141625125343963e-10
4.664468464253096e-10
4.927647233879281e-10
4.845774022830389e-10
4.3417096706445185e-10
3.3550586398568414e-10
1.8512821456166998e-10
0
-2.6626839925811175e-10
-5.535564170455285e-10
-8.64031643345823e-10
-1.1775109188044657e-9
-1.468787958494804e-9
-1.7085589522113123e-9
-1.864908474279071e-9
-1.9053604058493703e-9
-1.7994517742963764e-9
-1.5217335450424801e-9
-1.0550442362116979e-9
-3.938438587608382e-10
4.526575868004492e-10
1.4578860800728656e-9
2.5761394409336596e-9
3.742012759223355e-9
4.871329466629094e-9
5.863838597554772e-9
6.6078487329761326e-9
6.986845123925863e-9
6.887980792470421e-9
6.2121515477590635e-9
4.8851692216668254e-9
2.8693486553118133e-9
1.7464029840031042e-10
-3.1317114601197406e-9
-6.91810310362338e-9
-1.0985245778109679e-8
-1.506766113086307e-8
-1.8840915636693983e-8
-2.1935231517803928e-8
-2.3955721315596952e-8
-2.4508999061396585e-8
-2.3235342457996362e-8
-1.9844948596257848e-8
-1.4156182192176587e-8
-6.133110082724105e-9
4.080890777604158e-9
1.6137012499713246e-8
2.9466068292271788e-8
4.327825088991129e-8
5.6580656296260955e-8
6.821480852760525e-8
7.691524581198736e-8
8.138872788611487e-8
8.041185458609556e-8
7.294294067744176e-8
5.8241994838556686e-8
3.599075625604086e-8
6.4031265904988126e-9
-2.9684814228468246e-8
-7.07565161662367e-8
-1.1459937240797295e-7
-1.5834153591994542e-7
-1.9854851397091704e-7
-2.3138354027089276e-7
-2.5283136804085463e-7
-2.589799548562861e-7
-2.46348786895193e-7
-2.1224667411227937e-7
-1.5513618499913034e-7
-7.497698661861069e-8
2.648324484694147e-8
1.4550343763528959e-7
2.762617870268636e-7
4.1091570157154083e-7
5.398320139373099e-7
6.520011738483208e-7
7.356370557983794e-7
7.78949561345619e-7
7.71061102105456e-7
7.030213088628181e-7
5.68858151465548e-7
3.6658947655517536e-7
9.910827091351363e-8
-2.25150776477062e-7
-5.918552607245618e-7
-9.808134638453616e-7
-1.366474982667991e-6
-1.7189370977745724e-6
-2.005468354735434e-6
-2.1925222191685807e-6
-2.248170416045897e-6
-2.1448402969023898e-6
-1.8621965445677021e-6
-1.3899684310139561e-6
-7.304936427443455e-7
9.92676983102489e-8
1.0664961943487182e-6
2.122282635976489e-6
3.2025935638810287e-6
4.230561849995437e-6
5.120149987633883e-6
5.7811351722727e-6
6.12525413679527e-6
6.07322873561827e-6
5.56227867665255e-6
4.553624965224541e-6
3.0394065452020025e-6
1.0483832085692318e-6
-1.3502108869256182e-6
-4.045259530911203e-6
-6.885307201501917e-6
-9.68341109737189e-6
-0.000012225464452376777
-0.000014281912326425902
-0.000015622508138155722
-0.000016033470314921754
-0.00001533611353986535
-0.00001340577092648713
-0.000010189616245549319
-5.721863025459902e-6
-1.3478174448363246e-7
6.335944968067424e-6
0.000013352804827628659
0.00002048591841290656
0.000027230867859377023
0.000033034815595486664
0.000037330196015011056
0.000039574580925524716
0.000039294642854228875
0.00003613152163929886
0.000029884395260449537
0.00002054872101467213
8.345498333987652e-6
-6.261949495425038e-6
-0.000022566744228248907
-0.000039635113039496155
-0.000056342270620017305
-0.00007142759761595808
-0.00008356775056704747
-0.0000914647989739451
-0.00009394494878005737
-0.00009006199576308381
-0.00007919848150777683
-0.00006115672159615179
-0.000036231551955012816
-5.2568850882833255e-6
0.000030380957899394144
0.00006876865209905892
0.00010753338213838347
0.0001439531543307502
0.0001751075063447326
0.00019806289043254773
0.00021008367258670333
0.00020885659515472422
0.0001927139587201704
0.00016083895088353503
0.00011343572113484313
0.000051847163117861686
-0.000021394956644130335
-0.00010259984951613083
-0.00018703552452121935
-0.00026913708967841944
-0.00034280169716021167
-0.00040175943698881646
-0.00044000256886914113
-0.00045224901829797083
-0.0004344105888585819
-0.00038403238621900846
-0.0003006679893758093
-0.0001861553274702661
-0.00004476127996025081
0.00011683119936275685
0.00028971123511289476
0.0004631105606262935
0.0006249510502045628
0.0007625503422793781
0.0008634529280311864
0.0009163411806327432
0.0009119697630172797
0.0008440587040738443
0.0007100761025340036
0.00051184165285506
0.00025588748060480687
-0.00004647670233859871
-0.000379431557776877
-0.0007232666373484789
-0.0010553434484370033
-0.001351371511021861
-0.0015869398383573877
-0.0017392216691448524
-0.0017887490294259448
-0.0017211377197142894
-0.0015286343295563413
-0.0012113562645229329
-0.0007781044426623974
-0.00024664660167154543
0.00035660329687420457
0.0009975483419483314
0.001636011248846306
0.0022279267178656513
0.0027280268894591753
0.003092878343887854
0.003284090017891282
0.0032714815291728554
0.0030359837722555754
0.0025720407354611653
0.0018892949069721327
0.0010133689674447952
-0.000014396893058119493
-0.0011383315914525885
-0.0022909507625970284
-0.0033965327238616727
-0.004375598338300028
-0.005150062106683827
-0.005648753168406207
-0.005812951610511514
-0.005601552778525476
-0.004995464324799802
-0.004000860263382132
-0.0026509643149797892
-0.0010061103340603956
0.0008480724495668065
0.002804382360166402
0.004739577655852554
0.006521483903114104
0.00801731151042425
0.009102703331400052
0.009670941600234278
0.009641685896589926
0.008968596129649465
0.007645221129534228
0.005708605951951963
0.003240187877236222
0.00036370744765552274
-0.0027599513451012276
-0.005940869392215505
-0.008970811575814388
-0.011636011067703511
-0.013731288294474042
-0.01507462683204427
-0.0155212322197136
-0.014976064882214687
-0.01340387191585968
-0.01083584693896651
-0.00737222015251317
-0.003180314775622692
0.0015121111881079613
0.006428103956533711
0.011256872807495882
0.01567249093016571
0.019354876784242216
0.022011766171637245
0.02340023205094416
0.023346246735720725
0.02176081974713546
0.018651387959167886
0.014127379307704632
0.008399206367334796
0.0017703535901091505
-0.005377322220017755
-0.012604483604598756
-0.01944033962088517
-0.025412335736715707
-0.030077695547038524
-0.0330547713323596
-0.03405205679749819
-0.032892754569323224
-0.02953297846252557
-0.0240720012622838
-0.016753417581703314
-0.007956653149624422
0.0018211169988168222
0.01199191884728519
0.02191143103009561
0.030918987102460483
0.03838069921380365
0.043732938843799224
0.04652324904641418
0.0464457950586415
0.043368693294446904
0.03735098606986744
0.028647630398952347
0.01770161026257024
0.005123117941835931
-0.008343372305476424
-0.021862454694442854
-0.034559100453417535
-0.04557481117850907
-0.054125042289274575
-0.05955408596664669
-0.061383618236898176
-0.05935139054958086
-0.05343707373474254
-0.043873015197962266
-0.03113860548592325
-0.015938010457040203
0.0008378581066804129
0.01816316230881596
0.03493977350029062
0.0500669116196887
0.06251337068877726
0.07138758650199563
0.07600078845600756
0.07591878680093996
0.07099856871520775
0.06140677886886401
0.04761828948335811
0.030394350899239028
0.010741172932147845
-0.010148871115660965
-0.03096999439846976
-0.05038524300042366
-0.0671130212050144
-0.0800122506786707
-0.08816046274709623
-0.09091945166124824
-0.08798381740852733
-0.07940876056762462
-0.06561479638722015
-0.04736854802752405
-0.025740362230759508
-0.0020410586556574555
0.02225843046105529
0.04561955180160843
0.06653486459011393
0.0836265962561683
0.09573849186844466
0.10201475894864855
0.10196066264895434
0.09548045927077951
0.08288979808533352
0.06490137942738654
0.04258442185558594
0.017300244624243396
-0.009382105323775473
-0.03578487199888463
-0.060228903247067804
-0.0811422788092363
-0.09716310811689245
-0.10722966373393521
-0.11065178941791257
-0.10715870884602433
-0.09691988570903347
-0.0805373479723081
-0.05900977144975187
-0.03367049412878491
-0.006103376118451246
0.021958087922436045
0.04874185865988961
0.07255139295660361
0.09187516021795519
0.10548443335597288
0.11251291020144027
0.11251291020144027
0.10548443335597288
0.09187516021795519
0.07255139295660361
0.04874185865988961
0.021958087922436045
-0.006103376118451246
-0.03367049412878491
-0.05900977144975187
-0.0805373479723081
-0.09691988570903347
-0.10715870884602433
-0.11065178941791257
-0.10722966373393521
-0.09716310811689245
-0.0811422788092363
-0.060228903247067804
-0.03578487199888463
-0.009382105323775473
0.017300244624243396
0.04258442185558594
0.06490137942738654
0.08288979808533352
0.09548045927077951
0.10196066264895434
0.10201475894864855
0.09573849186844466
0.0836265962561683
0.06653486459011393
0.04561955180160843
0.02225843046105529
-0.0020410586556574555
-0.025740362230759508
-0.04736854802752405
-0.06561479638722015
-0.07940876056762462
-0.08798381740852733
-0.09091945166124824
-0.08816046274709623
-0.0800122506786707
-0.0671130212050144
-0.05038524300042366
-0.03096999439846976
-0.010148871115660965
0.010741172932147845
0.030394350899239028
0.04761828948335811
0.06140677886886401
0.07099856871520775
0.07591878680093996
0.07600078845600756
0.07138758650199563
0.06251337068877726
0.0500669116196887
0.03493977350029062
0.01816316230881596
0.0008378581066804129
-0.015938010457040203
-0.03113860548592325
-0.043873015197962266
-0.05343707373474254
-0.05935139054958086
-0.061383618236898176
-0.05955408596664669
-0.054125042289274575
-0.04557481117850907
-0.034559100453417535
-0.021862454694442854
-0.008343372305476424
0.005123117941835931
0.01770161026257024
0.028647630398952347
0.03735098606986744
0.043368693294446904
0.0464457950586415
0.04652324904641418
0.043732938843799224
0.03838069921380365
0.030918987102460483
0.02191143103009561
0.01199191884728519
0.0018211169988168222
-0.007956653149624422
-0.016753417581703314
-0.0240720012622838
-0.02953297846252557
-0.032892754569323224
-0.03405205679749819
-0.0330547713323596
-0.030077695547038524
-0.025412335736715707
-0.01944033962088517
-0.012604483604598756
-0.005377322220017755
0.0017703535901091505
0.008399206367334796
0.014127379307704632
0.018651387959167886
0.02176081974713546
0.023346246735720725
0.02340023205094416
0.022011766171637245
0.019354876784242216
0.01567249093016571
0.011256872807495882
0.006428103956533711
0.0015121111881079613
-0.003180314775622692
-0.00737222015251317
-0.01083584693896651
-0.01340387191585968
-0.014976064882214687
-0.0155212322197136
-0.01507462683204427
-0.013731288294474042
-0.011636011067703511
-0.008970811575814388
-0.005940869392215505
-0.0027599513451012276
0.00036370744765552274
0.003240187877236222
0.005708605951951963
0.007645221129534228
0.008968596129649465
0.009641685896589926
0.009670941600234278
0.009102703331400052
0.00801731151042425
0.006521483903114104
0.004739577655852554
0.002804382360166402
0.0008480724495668065
-0.0010061103340603956
-0.0026509643149797892
-0.004000860263382132
-0.004995464324799802
-0.005601552778525476
-0.005812951610511514
-0.005648753168406207
-0.005150062106683827
-0.004375598338300028
-0.0033965327238616727
-0.0022909507625970284
-0.0011383315914525885
-0.000014396893058119493
0.0010133689674447952
0.0018892949069721327
0.0025720407354611653
0.0030359837722555754
0.0032714815291728554
0.003284090017891282
0.003092878343887854
0.0027280268894591753
0.0022279267178656513
0.001636011248846306
0.0009975483419483314
0.00035660329687420457
-0.00024664660167154543
-0.0007781044426623974
-0.0012113562645229329
-0.0015286343295563413
-0.0017211377197142894
-0.0017887490294259448
-0.0017392216691448524
-0.0015869398383573877
-0.001351371511021861
-0.0010553434484370033
-0.0007232666373484789
-0.000379431557776877
-0.00004647670233859871
0.00025588748060480687
0.00051184165285506
0.0007100761025340036
0.0008440587040738443
0.0009119697630172797
0.0009163411806327432
0.0008634529280311864
0.0007625503422793781
0.0006249510502045628
0.0004631105606262935
0.00028971123511289476
0.00011683119936275685
-0.00004476127996025081
-0.0001861553274702661
-0.0003006679893758093
-0.00038403238621900846
-0.0004344105888585819
-0.00045224901829797083
-0.00044000256886914113
-0.00040175943698881646
-0.00034280169716021167
-0.00026913708967841944
-0.00018703552452121935
-0.00010259984951613083
-0.000021394956644130335
0.000051847163117861686
0.00011343572113484313
0.00016083895088353503
0.0001927139587201704
0.00020885659515472422
0.00021008367258670333
0.00019806289043254773
0.0001751075063447326
0.0001439531543307502
0.00010753338213838347
0.00006876865209905892
0.000030380957899394144
-5.2568850882833255e-6
-0.000036231551955012816
-0.00006115672159615179
-0.00007919848150777683
-0.00009006199576308381
-0.00009394494878005737
-0.0000914647989739451
-0.00008356775056704747
-0.00007142759761595808
-0.000056342270620017305
-0.000039635113039496155
-0.000022566744228248907
-6.261949495425038e-6
8.345498333987652e-6
0.00002054872101467213
0.000029884395260449537
0.00003613152163929886
0.000039294642854228875
0.000039574580925524716
0.000037330196015011056
0.000033034815595486664
0.000027230867859377023
0.00002048591841290656
0.000013352804827628659
6.335944968067424e-6
-1.3478174448363246e-7
-5.721863025459902e-6
-0.000010189616245549319
-0.00001340577092648713
-0.00001533611353986535
-0.000016033470314921754
-0.000015622508138155722
-0.000014281912326425902
-0.000012225464452376777
-9.68341109737189e-6
-6.885307201501917e-6
-4.045259530911203e-6
-1.3502108869256182e-6
1.0483832085692318e-6
3.0394065452020025e-6
4.553624965224541e-6
5.56227867665255e-6
6.07322873561827e-6
6.12525413679527e-6
5.7811351722727e-6
5.120149987633883e-6
4.230561849995437e-6
3.2025935638810287e-6
2.122282635976489e-6
1.0664961943487182e-6
9.92676983102489e-8
-7.304936427443455e-7
-1.3899684310139561e-6
-1.8621965445677021e-6
-2.1448402969023898e-6
-2.248170416045897e-6
-2.1925222191685807e-6
-2.005468354735434e-6
-1.7189370977745724e-6
-1.366474982667991e-6
-9.808134638453616e-7
-5.918552607245618e-7
-2.25150776477062e-7
9.910827091351363e-8
3.6658947655517536e-7
5.68858151465548e-7
7.030213088628181e-7
7.71061102105456e-7
7.78949561345619e-7
7.356370557983794e-7
6.520011738483208e-7
5.398320139373099e-7
4.1091570157154083e-7
2.762617870268636e-7
1.4550343763528959e-7
2.648324484694147e-8
-7.497698661861069e-8
-1.5513618499913034e-7
-2.1224667411227937e-7
-2.46348786895193e-7
-2.589799548562861e-7
-2.5283136804085463e-7
-2.3138354027089276e-7
-1.9854851397091704e-7
-1.5834153591994542e-7
-1.1459937240797295e-7
-7.07565161662367e-8
-2.9684814228468246e-8
6.4031265904988126e-9
3.599075625604086e-8
5.8241994838556686e-8
7.294294067744176e-8
8.041185458609556e-8
8.138872788611487e-8
7.691524581198736e-8
6.821480852760525e-8
5.6580656296260955e-8
4.327825088991129e-8
2.9466068292271788e-8
1.6137012499713246e-8
4.080890777604158e-9
-6.133110082724105e-9
-1.4156182192176587e-8
-1.9844948596257848e-8
-2.3235342457996362e-8
-2.4508999061396585e-8
-2.3955721315596952e-8
-2.1935231517803928e-8
-1.8840915636693983e-8
-1.506766113086307e-8
-1.0985245778109679e-8
-6.91810310362338e-9
-3.1317114601197406e-9
1.7464029840031042e-10
2.8693486553118133e-9
4.8851692216668254e-9
6.2121515477590635e-9
6.887980792470421e-9
6.986845123925863e-9
6.6078487329761326e-9
5.863838597554772e-9
4.871329466629094e-9
3.742012759223355e-9
2.5761394409336596e-9
1.4578860800728656e-9
4.526575868004492e-10
-3.938438587608382e-10
-1.0550442362116979e-9
-1.5217335450424801e-9
-1.7994517742963764e-9
-1.9053604058493703e-9
-1.864908474279071e-9
-1.7085589522113123e-9
-1.468787958494804e-9
-1.1775109188044657e-9
-8.64031643345823e-10
-5.535564170455285e-10
-2.6626839925811175e-10
0
1.8512821456166998e-10
3.3550586398568414e-10
4.3417096706445185e-10
4.845774022830389e-10
4.927647233879281e-10
4.664468464253096e-10
4.141625125343963e-10
3.4453413498358353e-10
2.6566488054546494e-10
1.8468895531076068e-10
1.0747603074264854e-10
0
0
0
0
-1.1446465440617356e-10
-1.2173625029838134e-10
-1.1934764313579625e-10
-1.0941304225330882e-10
0
0
0
0
0
0
0
0
0
0
0
0
0
0
0
0
0
0
0
0
0
0
0
0
0
0
0
0
0
0
0
0
0
0
0
0
0
0
0
0
0
0
0
0
0
0
0
0
0
0
0
0
0
0
0
0
0
0
0
0
0
0
0
0
0
0
0
0
0
0
0
0
0
0
0
0
0
0
0
0
0
0
0
0
0
0
0
0
0
0
0
0
0
0
0
0
0
0
0
0
0
0
0
0
0
0
0
0
0
0
0
0
0
0
0
0
0
0
0
0
0
0
0
0
0
0
0
0
0
0
0
0
0
0
0
0
0
0
0
0
0
0
0
0
0
0
0
0
0
0
0
0
0
0
0
0
0
0
0
0
0
0
0
0
0
0
0
0
0
0
0
0
0
0
0
0
0
0
0
0
0
0
0
0
0
0
0
0
0
0
0
0
0
0
0
0
0
0
0
0
0
0
0
0
0
0
0
0
0
0
0
0
0
0
0
0
0
0
0
0
0
0
0
0
0
0
0
0
0
0
0
0
0
0
0
0
0
0
0
0
0
0
0
0
0
0
0
0
0
0
0
0
0
0
0
0
0
0
0
0
0
0
0
0
0
0
0
0
0
0
0
0
0
0
0
0
0
0
0
0
0
0
0
0
0
0
0
0
0
0
0
0
0
0
0
0
0
0
0
0
0
0
0
0
0
0
0
0
0
0
0
0
0
0
0
0
0
0
0
0
0
0
0
0
0
0
0
0
0
0
0
0
0
0
0
0
0
0
0
0
0
0
0
0
0
0
0
0
0
0
0
0
0
0
0
0
0
0
0
0
0
0
0
0
0
0
0
0
0
0
0
0
0
0
0
0
0
0
0
0
0
0
0
0
0
0
0
0
0
0
0
0
0
0
0
0
0
0
0
0
0
0
0
0
0
0
0
0
0
0
0
0
0
0
0
0
0
0
0
0
0
0
0
0
0
0
0
0
0
0
0
0
0
0
0
0
0
0
0