0
0
0
0
0
0
0
0
0
0
0
0
0
0
0
0
0
0
0
0
0
0
0
0
0
0
0
0
0
0
0
0
0
0
0
0
0
0
0
0
0
0
0
0
0
0
0
0
0
0
0
0
0
0
0
0
0
0
0
0
0
0
0
0
0
0
0
0
0
0
0
0
0
0
0
0
0
0
0
0
0
0
0
0
0
0
0
0
0
0
0
0
0
0
0
0
0
0
0
0
0
0
0
0
0
0
0
0
0
0
0
0
0
0
0
0
0
0
0
0
0
0
0
0
0
0
0
0
0
0
0
0
0
0
0
0
0
0
0
0
0
0
0
0
0
0
0
0
0
0
0
0
0
0
0
0
0
0
0
0
0
0
0
0
0
0
0
0
0
0
0
0
0
0
0
0
0
0
0
0
0
0
0
0
0
0
0
0
0
0
0
0
0
0
0
0
0
0
0
0
0
0
0
0
0
0
0
0
0
0
0
0
0
0
0
0
0
0
0
0
0
0
0
0
0
0
0
0
0
0
0
0
0
0
0
0
0
0
0
0
0
0
0
0
0
0
0
0
0
0
0
0
0
0
0
0
0
0
0
0
0
0
0
0
0
0
0
0
0
0
0
0
0
0
0
0
0
0
0
0
0
0
0
0
0
0
0
0
0
0
0
0
0
0
0
0
0
0
0
0
0
0
0
0
0
0
0
0
0
0
0
0
0
0
0
0
0
0
0
0
0
0
0
0
0
0
0
0
0
0
0
0
0
0
0
0
0
0
0
0
0
0
0
0
0
0
0
0
0
0
0
0
0
0
0
0
0
0
0
0
0
0
0
0
0
0
0
0
0
0
0
0
0
0
0
0
0
0
0
0
0
0
0
0
0
0
0
0
0
0
0
0
0
0
0
0
0
0
0
0
0
0
0
0
0
0
0
0
0
0
0
0
0
0
0
0
0
0
0
0
0
0
0
0
0
0
0
0
0
0
0
0
0
0
0
0
0
0
0
0
0
0
0
0
0
0
0
0
0
0
0
0
0
0
0
0
1.2428732109869657e-10
1.7647060180092186e-10
2.2654355238128248e-10
2.6981977972101675e-10
3.0106899850677316e-10
3.148294320362667e-10
3.0581317393172047e-10
2.693917435835466e-10
2.0213925713320107e-10
1.0240035778373804e-10
0
-1.8907166656314432e-10
-3.7070777694123425e-10
-5.641053265743191e-10
-7.560344260889375e-10
-9.303531930669896e-10
-1.0686878576502788e-9
-1.1514536086513339e-9
-1.1592070805954753e-9
-1.0742912928159844e-9
-8.827005193861012e-10
-5.760578305895522e-10
-1.5356484226691412e-10
3.7624548491103493e-10
9.941428001637037e-10
1.669419097122348e-9
2.359887544994515e-9
3.0128307332169277e-9
3.567026025301813e-9
3.955913499095847e-9
4.111890507617135e-9
3.971619661548709e-9
3.482128289934531e-9
2.607364212354124e-9
1.3347635128124329e-9
-3.1870920345166803e-10
-2.301657676939318e-9
-4.5251316625822374e-9
-6.86191659169424e-9
-9.148798812041457e-9
-1.1192241500186754e-8
-1.2777715108678311e-8
-1.3682675330839538e-8
-1.3692879712102974e-8
-1.2621395921822776e-8
-1.032930122429764e-8
-6.746729893254427e-9
-1.8926241231279055e-9
4.108682505902855e-9
1.1016037724984117e-8
1.8467165970767486e-8
2.598326461483084e-8
3.2983907284596313e-8
3.8813099654535115e-8
4.277659198923174e-8
4.4189657565720746e-8
4.24335400165044e-8
3.7017717115577963e-8
2.7644100558652495e-8
1.426838070310104e-8
-2.8469708984878973e-9
-2.3093911393443723e-8
-4.550009850177925e-8
-6.873557378718308e-8
-9.114917745438791e-8
-1.1083744019823672e-7
-1.2574660336400138e-7
-1.3380587818624363e-7
-1.3308719123079822e-7
-1.2198364941324735e-7
-9.939601086095765e-8
-6.49138190428715e-8
-1.8975818793476386e-8
3.700690280307685e-8
1.0058166734064329e-7
1.6825420049850994e-7
2.355704993361205e-7
2.972889687215438e-7
3.4764555977161997e-7
3.807077443112385e-7
3.908053610728991e-7
3.7301813921206503e-7
3.23691627216814e-7
2.40946005934336e-7
1.2513656941393673e-7
-2.0778755378672665e-8
-1.910099392688277e-7
-3.7688548090535815e-7
-5.670182827462832e-7
-7.477110429573628e-7
-9.036107691705442e-7
-1.018604091767946e-6
-1.0769247348802186e-6
-1.0644230044702506e-6
-9.699259845974632e-7
-7.865980308964091e-7
-5.131959745437958e-7
-1.5510405542912785e-7
2.749683097907464e-7
7.567358662989119e-7
1.262627184845575e-6
1.7586810995836444e-6
2.206080031554527e-6
2.5633057182709174e-6
2.7888522062755667e-6
2.8443772389075476e-6
2.6981201201655494e-6
2.3283660317063888e-6
1.7266981826595887e-6
9.007546069986017e-7
-1.237999811840629e-7
-1.3023617675453784e-6
-2.571770582176262e-6
-3.8521604707949736e-6
-5.050364556341055e-6
-6.064854500305536e-6
-6.79207398428094e-6
-7.1338971820516925e-6
-7.005816029537672e-6
-6.34534430413811e-6
-5.120032796812277e-6
-3.334428769768033e-6
-1.0352940298963139e-6
1.685572976972553e-6
4.691479683045935e-6
7.804372911873793e-6
0.000010811994022510144
0.000013478644412675692
0.00001555927404056039
0.000016816311764201823
0.000017038364733762793
0.000016059647573244356
0.000013778784702226031
0.000010175484507395846
5.3235334949210785e-6
-6.013809414494433e-7
-7.3203281131473615e-6
-0.000014457273803426562
-0.000021553278417784648
-0.000028088802009979
-0.00003351356125054484
-0.0000372827400775718
-0.00003889771623410885
-0.000037948879409666944
-0.000034157635016498036
-0.00002741436132368549
-0.000017808962090167106
-5.650767912708443e-6
8.525090245795968e-6
0.000023967076827797057
0.00003973377224209527
0.000054737771582690475
0.00006780595236052256
0.0000777537542500628
0.00008346977170503972
0.00008400572592342684
0.00007866586268850545
0.0000670891207116556
0.000049317123568091654
0.000025841239697013
-2.377325944312882e-6
-0.000033919187822578554
-0.00006695319658947832
-0.00009931842616987309
-0.0001286400120697969
-0.00015247441903731225
-0.00016847702105869352
-0.00017458239170967127
-0.000169185638563146
-0.00015131167495671148
-0.00012075868579623572
-0.00007820235131767143
-0.000025248729050909255
0.00003557392275486623
0.00010089072620477743
0.00016662529636591214
0.00022821166414136452
0.0002808651006527045
0.0003198987552970639
0.0003410682340965815
0.0003409222506454837
0.00031713466062174936
0.0002687918778083994
0.0001966101236454756
0.00010305933815726821
-7.625094418291994e-6
-0.0001295554910548499
-0.0002554348384488742
-0.00037692563685361164
-0.0004851311408611283
-0.0005711659942136011
-0.0006267844384925937
-0.0006450268853405906
-0.0006208403650529909
-0.000551625799367234
-0.0004376656502641968
-0.000282389537593523
-0.00009244293671869298
0.0001224651492023557
0.0003499460728918219
0.0005755418718099322
0.0007835401695040408
0.000957955012193897
0.001083619459170865
0.0011473226691320268
0.001138914797277133
0.0010522982619644203
0.0008862246275519387
0.0006448229251482827
0.0003377977472159446
-0.000019746473152543797
-0.0004078757709128552
-0.000802785997951163
-0.0011781174422803929
-0.0015065627036036273
-0.0017616795884804548
-0.001919798656872278
-0.0019618989589274874
-0.0018753171173665417
-0.0016551554855668649
-0.0013052653446484045
-0.0008387010497368037
-0.00027757004974797173
0.0003477595708505352
0.001000089971740303
0.001637413308772817
0.0022154252603822687
0.0026903948947642553
0.0030222176118466833
0.0031774516377869066
0.0031321244839008474
0.002874095837398639
0.002404778583356429
0.001740050103757827
0.0009102306026333968
-0.00004093818972955261
-0.0010583151532511672
-0.0020783137656243096
-0.003032648633320795
-0.0038526698422006725
-0.004474024897881891
-0.004841347072837436
-0.00491264649238208
-0.004663079130824089
-0.004087790569521283
-0.003203575870673925
-0.0020491625873578943
-0.0006840074797028104
0.0008144058357391088
0.00235467733087288
0.0038368142073815547
0.005158476087501247
0.0062217678349401105
0.006940145007759972
0.007244962672919024
0.00709119488633922
0.00646188164407441
0.0053709223970326726
0.003863927807866223
0.0020169595275510463
-0.00006687549458204998
-0.002262862869489368
-0.004431890449608279
-0.006429032517278185
-0.008112994467450497
-0.009355816849992284
-0.01005218779387157
-0.010127705737350777
-0.009545472756930653
-0.008310482264908927
-0.006471389861205486
-0.0041194159912377295
-0.0013843142933483736
0.0015724616256787775
0.0045670610425890355
0.007404491026476088
0.009891147415262464
0.011847827001393526
0.013122356866729254
0.013600964347813924
0.013217558789596658
0.011960203365723478
0.00987421690024884
0.007061552866181326
0.003676343025548945
-0.00008324886422348771
-0.003986459469370634
-0.007783999780197162
-0.011223920011597206
-0.01406825985974374
-0.016109386706253927
-0.017184904753999978
-0.017190074658307623
-0.016086814824031008
-0.013908555719590583
-0.010760475834311634
-0.006814946405067534
-0.0023023324699874164
0.0025023812986779337
0.007296372379344083
0.011768146194581035
0.01561786851013476
0.018577530769692836
0.020429586330715007
0.02102275965861163
0.020283885330932016
0.01822487107838461
0.014944184948286358
0.010622621771252751
0.005513485258705046
-0.00007229634264787288
-0.005785247344441239
-0.011259435963284272
-0.0161361698004648
-0.020087744535543548
-0.022839656693280027
-0.02418976059894521
-0.02402302392237594
-0.022320805746687693
-0.019163929303268084
-0.01472922603119204
-0.009279661756716982
-0.003148590308150156
0.0032809150109558284
0.009600354252214019
0.015402155164766913
0.020306363238580594
0.023985893287749575
0.026188639740085857
0.02675493062133568
0.025629103273465282
0.022864359452120855
0.01862049872922109
0.013154602652358856
0.006805215894791447
-0.000028987683697102824
-0.0069146870256909555
-0.01341188678071224
-0.019102543489232
-0.023617949701256843
-0.026663050627987968
-0.028036061637161352
-0.027642059967781983
-0.02549962031684296
-0.02174002492431729
-0.016599073368772414
-0.010402011962372072
-0.0035425637522125803
0.0035425637522125803
0.010402011962372072
0.016599073368772414
0.02174002492431729
0.02549962031684296
0.027642059967781983
0.028036061637161352
0.026663050627987968
0.023617949701256843
0.019102543489232
0.01341188678071224
0.0069146870256909555
0.000028987683697102824
-0.006805215894791447
-0.013154602652358856
-0.01862049872922109
-0.022864359452120855
-0.025629103273465282
-0.02675493062133568
-0.026188639740085857
-0.023985893287749575
-0.020306363238580594
-0.015402155164766913
-0.009600354252214019
-0.0032809150109558284
0.003148590308150156
0.009279661756716982
0.01472922603119204
0.019163929303268084
0.022320805746687693
0.02402302392237594
0.02418976059894521
0.022839656693280027
0.020087744535543548
0.0161361698004648
0.011259435963284272
0.005785247344441239
0.00007229634264787288
-0.005513485258705046
-0.010622621771252751
-0.014944184948286358
-0.01822487107838461
-0.020283885330932016
-0.02102275965861163
-0.020429586330715007
-0.018577530769692836
-0.01561786851013476
-0.011768146194581035
-0.007296372379344083
-0.0025023812986779337
0.0023023324699874164
0.006814946405067534
0.010760475834311634
0.013908555719590583
0.016086814824031008
0.017190074658307623
0.017184904753999978
0.016109386706253927
0.01406825985974374
0.011223920011597206
0.007783999780197162
0.003986459469370634
0.00008324886422348771
-0.003676343025548945
-0.007061552866181326
-0.00987421690024884
-0.011960203365723478
-0.013217558789596658
-0.013600964347813924
-0.013122356866729254
-0.011847827001393526
-0.009891147415262464
-0.007404491026476088
-0.0045670610425890355
-0.0015724616256787775
0.0013843142933483736
0.0041194159912377295
0.006471389861205486
0.008310482264908927
0.009545472756930653
0.010127705737350777
0.01005218779387157
0.009355816849992284
0.008112994467450497
0.006429032517278185
0.004431890449608279
0.002262862869489368
0.00006687549458204998
-0.0020169595275510463
-0.003863927807866223
-0.0053709223970326726
-0.00646188164407441
-0.00709119488633922
-0.007244962672919024
-0.006940145007759972
-0.0062217678349401105
-0.005158476087501247
-0.0038368142073815547
-0.00235467733087288
-0.0008144058357391088
0.0006840074797028104
0.0020491625873578943
0.003203575870673925
0.004087790569521283
0.004663079130824089
0.00491264649238208
0.004841347072837436
0.004474024897881891
0.0038526698422006725
0.003032648633320795
0.0020783137656243096
0.0010583151532511672
0.00004093818972955261
-0.0009102306026333968
-0.001740050103757827
-0.002404778583356429
-0.002874095837398639
-0.0031321244839008474
-0.0031774516377869066
-0.0030222176118466833
-0.0026903948947642553
-0.0022154252603822687
-0.001637413308772817
-0.001000089971740303
-0.0003477595708505352
0.00027757004974797173
0.0008387010497368037
0.0013052653446484045
0.0016551554855668649
0.0018753171173665417
0.0019618989589274874
0.001919798656872278
0.0017616795884804548
0.0015065627036036273
0.0011781174422803929
0.000802785997951163
0.0004078757709128552
0.000019746473152543797
-0.0003377977472159446
-0.0006448229251482827
-0.0008862246275519387
-0.0010522982619644203
-0.001138914797277133
-0.0011473226691320268
-0.001083619459170865
-0.000957955012193897
-0.0007835401695040408
-0.0005755418718099322
-0.0003499460728918219
-0.0001224651492023557
0.00009244293671869298
0.000282389537593523
0.0004376656502641968
0.000551625799367234
0.0006208403650529909
0.0006450268853405906
0.0006267844384925937
0.0005711659942136011
0.0004851311408611283
0.00037692563685361164
0.0002554348384488742
0.0001295554910548499
7.625094418291994e-6
-0.00010305933815726821
-0.0001966101236454756
-0.0002687918778083994
-0.00031713466062174936
-0.0003409222506454837
-0.0003410682340965815
-0.0003198987552970639
-0.0002808651006527045
-0.00022821166414136452
-0.00016662529636591214
-0.00010089072620477743
-0.00003557392275486623
0.000025248729050909255
0.00007820235131767143
0.00012075868579623572
0.00015131167495671148
0.000169185638563146
0.00017458239170967127
0.00016847702105869352
0.00015247441903731225
0.0001286400120697969
0.00009931842616987309
0.00006695319658947832
0.000033919187822578554
2.377325944312882e-6
-0.000025841239697013
-0.000049317123568091654
-0.0000670891207116556
-0.00007866586268850545
-0.00008400572592342684
-0.00008346977170503972
-0.0000777537542500628
-0.00006780595236052256
-0.000054737771582690475
-0.00003973377224209527
-0.000023967076827797057
-8.525090245795968e-6
5.650767912708443e-6
0.000017808962090167106
0.00002741436132368549
0.000034157635016498036
0.000037948879409666944
0.00003889771623410885
0.0000372827400775718
0.00003351356125054484
0.000028088802009979
0.000021553278417784648
0.000014457273803426562
7.3203281131473615e-6
6.013809414494433e-7
-5.3235334949210785e-6
-0.000010175484507395846
-0.000013778784702226031
-0.000016059647573244356
-0.000017038364733762793
-0.000016816311764201823
-0.00001555927404056039
-0.000013478644412675692
-0.000010811994022510144
-7.804372911873793e-6
-4.691479683045935e-6
-1.685572976972553e-6
1.0352940298963139e-6
3.334428769768033e-6
5.120032796812277e-6
6.34534430413811e-6
7.005816029537672e-6
7.1338971820516925e-6
6.79207398428094e-6
6.064854500305536e-6
5.050364556341055e-6
3.8521604707949736e-6
2.571770582176262e-6
1.3023617675453784e-6
1.237999811840629e-7
-9.007546069986017e-7
-1.7266981826595887e-6
-2.3283660317063888e-6
-2.6981201201655494e-6
-2.8443772389075476e-6
-2.7888522062755667e-6
-2.5633057182709174e-6
-2.206080031554527e-6
-1.7586810995836444e-6
-1.262627184845575e-6
-7.567358662989119e-7
-2.749683097907464e-7
1.5510405542912785e-7
5.131959745437958e-7
7.865980308964091e-7
9.699259845974632e-7
1.0644230044702506e-6
1.0769247348802186e-6
1.018604091767946e-6
9.036107691705442e-7
7.477110429573628e-7
5.670182827462832e-7
3.7688548090535815e-7
1.910099392688277e-7
2.0778755378672665e-8
-1.2513656941393673e-7
-2.40946005934336e-7
-3.23691627216814e-7
-3.7301813921206503e-7
-3.908053610728991e-7
-3.807077443112385e-7
-3.4764555977161997e-7
-2.972889687215438e-7
-2.355704993361205e-7
-1.6825420049850994e-7
-1.0058166734064329e-7
-3.700690280307685e-8
1.8975818793476386e-8
6.49138190428715e-8
9.939601086095765e-8
1.2198364941324735e-7
1.3308719123079822e-7
1.3380587818624363e-7
1.2574660336400138e-7
1.1083744019823672e-7
9.114917745438791e-8
6.873557378718308e-8
4.550009850177925e-8
2.3093911393443723e-8
2.8469708984878973e-9
-1.426838070310104e-8
-2.7644100558652495e-8
-3.7017717115577963e-8
-4.24335400165044e-8
-4.4189657565720746e-8
-4.277659198923174e-8
-3.8813099654535115e-8
-3.2983907284596313e-8
-2.598326461483084e-8
-1.8467165970767486e-8
-1.1016037724984117e-8
-4.108682505902855e-9
1.8926241231279055e-9
6.746729893254427e-9
1.032930122429764e-8
1.2621395921822776e-8
1.3692879712102974e-8
1.3682675330839538e-8
1.2777715108678311e-8
1.1192241500186754e-8
9.148798812041457e-9
6.86191659169424e-9
4.5251316625822374e-9
2.301657676939318e-9
3.1870920345166803e-10
-1.3347635128124329e-9
-2.607364212354124e-9
-3.482128289934531e-9
-3.971619661548709e-9
-4.111890507617135e-9
-3.955913499095847e-9
-3.567026025301813e-9
-3.0128307332169277e-9
-2.359887544994515e-9
-1.669419097122348e-9
-9.941428001637037e-10
-3.7624548491103493e-10
1.5356484226691412e-10
5.760578305895522e-10
8.827005193861012e-10
1.0742912928159844e-9
1.1592070805954753e-9
1.1514536086513339e-9
1.0686878576502788e-9
9.303531930669896e-10
7.560344260889375e-10
5.641053265743191e-10
3.7070777694123425e-10
1.8907166656314432e-10
0
-1.0240035778373804e-10
-2.0213925713320107e-10
-2.693917435835466e-10
-3.0581317393172047e-10
-3.148294320362667e-10
-3.0106899850677316e-10
-2.6981977972101675e-10
-2.2654355238128248e-10
-1.7647060180092186e-10
-1.2428732109869657e-10
0
0
0
0
0
0
0
0
0
0
0
0
0
0
0
0
0
0
0
0
0
0
0
0
0
0
0
0
0
0
0
0
0
0
0
0
0
0
0
0
0
0
0
0
0
0
0
0
0
0
0
0
0
0
0
0
0
0
0
0
0
0
0
0
0
0
0
0
0
0
0
0
0
0
0
0
0
0
0
0
0
0
0
0
0
0
0
0
0
0
0
0
0
0
0
0
0
0
0
0
0
0
0
0
0
0
0
0
0
0
0
0
0
0
0
0
0
0
0
0
0
0
0
0
0
0
0
0
0
0
0
0
0
0
0
0
0
0
0
0
0
0
0
0
0
0
0
0
0
0
0
0
0
0
0
0
0
0
0
0
0
0
0
0
0
0
0
0
0
0
0
0
0
0
0
0
0
0
0
0
0
0
0
0
0
0
0
0
0
0
0
0
0
0
0
0
0
0
0
0
0
0
0
0
0
0
0
0
0
0
0
0
0
0
0
0
0
0
0
0
0
0
0
0
0
0
0
0
0
0
0
0
0
0
0
0
0
0
0
0
0
0
0
0
0
0
0
0
0
0
0
0
0
0
0
0
0
0
0
0
0
0
0
0
0
0
0
0
0
0
0
0
0
0
0
0
0
0
0
0
0
0
0
0
0
0
0
0
0
0
0
0
0
0
0
0
0
0
0
0
0
0
0
0
0
0
0
0
0
0
0
0
0
0
0
0
0
0
0
0
0
0
0
0
0
0
0
0
0
0
0
0
0
0
0
0
0
0
0
0
0
0
0
0
0
0
0
0
0
0
0
0
0
0
0
0
0
0
0
0
0
0
0
0
0
0
0
0
0
0
0
0
0
0
0
0
0
0
0
0
0
0
0
0
0
0
0
0
0
0
0
0
0
0
0
0
0
0
0
0
0
0
0
0
0
0
0
0
0
0
0
0
0
0
0
0
0
0
0
0
0
0
0
0
0
0
0
0
0
0
0
0
0
0
0
0
0
0
0
0
0
0
0
0
0
0
0
0
0
0
0
0
0
0
0
0