0
0
0
0
0
0
0
0
0
0
0
0
0
0
0
0
0
0
0
0
0
0
0
0
0
0
0
0
0
0
0
0
0
0
0
0
0
0
0
0
0
0
0
0
0
0
0
0
0
0
0
0
0
0
0
0
0
0
0
0
0
0
0
0
0
0
0
0
0
0
0
0
0
0
0
0
0
0
0
0
0
0
0
0
0
0
0
0
0
0
0
0
0
0
0
0
0
0
0
0
0
0
0
0
0
0
0
0
0
0
0
0
0
0
0
0
0
0
0
0
0
0
0
0
0
0
0
0
0
0
0
0
0
0
0
0
0
0
0
0
0
0
0
0
0
0
0
0
0
0
0
0
0
0
0
0
0
0
0
0
0
0
0
0
0
0
0
0
0
0
0
0
0
0
0
0
0
0
0
0
0
0
0
0
0
0
0
0
0
0
0
0
0
0
0
0
0
0
0
0
0
0
0
0
0
0
0
0
0
0
0
0
0
0
0
0
0
0
0
0
0
0
0
0
0
0
0
0
0
0
0
0
0
0
0
0
0
0
0
0
0
0
0
0
0
0
0
0
0
0
0
0
0
0
0
0
0
0
0
0
0
0
0
0
0
0
0
0
0
0
0
0
0
0
0
0
0
0
0
0
0
0
0
0
0
0
0
0
0
0
0
0
0
0
0
0
0
0
0
0
0
0
0
0
0
0
0
0
0
0
0
0
0
0
0
0
0
0
0
0
0
0
0
0
0
0
0
0
0
0
0
0
0
0
0
0
0
0
0
0
0
0
0
0
0
0
0
0
0
0
0
0
0
0
0
0
0
0
0
0
0
0
0
0
0
0
0
0
0
0
0
0
0
0
0
0
0
0
0
0
0
0
0
0
0
0
0
0
0
0
0
0
0
0
0
0
0
0
0
0
0
0
0
0
0
0
0
0
0
0
0
0
0
0
0
0
0
0
0
0
0
0
0
0
0
0
0
0
0
0
0
0
0
0
0
0
0
0
0
0
0
0
0
0
0
0
0
0
0
0
0
0
0
0
0
0
1.1897930432947273e-10
1.3615043580873727e-10
0
0
0
0
0
0
0
0
0
0
0
2.2202878908017412e-10
4.310893318082681e-10
1.8402182522731643e-10
-5.009019416458429e-10
-6.418887345801247e-10
-3.45027104086337e-10
-1.7906484569992035e-10
-2.4822455961272013e-10
-6.281772096853683e-10
-1.0818347235928587e-9
-3.1131760795907946e-10
1.3588813435325215e-9
1.5399226207030244e-9
7.180390461684003e-10
2.472009125343781e-10
1.1354977139227012e-10
0
-2.0330175878989796e-10
-3.4410580951450253e-10
0
4.1314162895054304e-10
4.25237592906492e-10
4.4763518207988237e-10
1.0137592116993667e-9
3.0521519522788928e-9
5.679042500612747e-9
2.134892560304338e-9
-6.734735751643765e-9
-8.32442804877994e-9
-4.284376929256428e-9
-1.996797434123288e-9
-2.3767799271446147e-9
-5.6093425917725125e-9
-9.1927518070262e-9
-2.1913207619420517e-9
1.1905395689783534e-8
1.294143904275495e-8
5.645215660423695e-9
1.4646214927892992e-9
-4.454298369384791e-10
-4.0422949150755565e-9
-9.62184536025457e-9
-5.768449062622175e-9
9.696308303091422e-9
1.503438199853436e-8
9.445991418671405e-9
6.361695517016074e-9
1.1247317103711227e-8
3.1493869139502355e-8
5.6595839021560196e-8
1.9284806881382295e-8
-6.870078272370552e-8
-8.216314249402504e-8
-4.065691375450622e-8
-1.7145655611866958e-8
-1.7187147296299647e-8
-3.620455451726035e-8
-5.514183936096333e-8
-8.325875278986952e-9
7.525940110456431e-8
7.554853405008968e-8
2.9030222154702204e-8
2.468924059141142e-9
-1.717669684980228e-8
-6.71985632801366e-8
-1.3650404361701997e-7
-6.308394606963131e-8
1.5253575629080224e-7
2.0529853379294096e-7
1.1477874578615956e-7
6.386144394863238e-8
9.511641479479958e-8
2.4951312278503295e-7
4.342638818869543e-7
1.3306215002063154e-7
-5.389807593872285e-7
-6.239829035046078e-7
-2.970261076272077e-7
-1.1209303793480542e-7
-8.739192523727775e-8
-1.4657708940104615e-7
-1.8288919859485445e-7
2.2215253790860408e-8
2.890417775145677e-7
2.2908763565948092e-7
4.666743915586413e-8
-5.6756508804826644e-8
-2.0618803437647609e-7
-6.648497459064393e-7
-1.2644482372276468e-6
-5.034995639209177e-7
1.4772869332647257e-6
1.8667682980729931e-6
9.812906219178498e-7
4.814086659015444e-7
6.190483175213113e-7
1.5208811314717662e-6
2.5568228186132576e-6
6.860744250237159e-7
-3.2501645239057014e-6
-3.6318173805738263e-6
-1.6529012106300223e-6
-5.378139443338053e-7
-2.446614472224621e-7
-8.184763897210798e-8
3.3834820471409235e-7
6.217023749288112e-7
-1.0064780284576677e-8
-7.090258807030421e-7
-7.468718511869566e-7
-7.619360038812439e-7
-1.6188781555014949e-6
-4.710117971276774e-6
-8.586296371087255e-6
-3.0486574308121836e-6
0.000010325177015421944
0.000012516739514768685
6.29364475325561e-6
2.7845116299937106e-6
3.090849478163133e-6
7.0338041426598966e-6
0.000011317980911828333
2.475793543026761e-6
-0.000014828853260750422
-0.00001583547626846647
-6.769272975623448e-6
-1.6943943306329316e-6
4.005888088439813e-7
3.878535382893614e-6
9.12558033227979e-6
5.34015509958731e-6
-9.316466207260644e-6
-0.00001420582526697436
-8.762435844026331e-6
-5.6348521116030956e-6
-9.32159140010275e-6
-0.00002518211867346094
-0.00004437375820955474
-0.000014176063073480628
0.00005460812145194445
0.00006400827709004535
0.00003097166721478049
0.000012410394865376909
0.000011595244384186429
0.000023668675207629142
0.00003550593545740581
4.80517464535007e-6
-0.000048847242529141276
-0.000048407488281980596
-0.000018361275969978785
-1.7351273298203119e-6
8.932390648895922e-6
0.00003400574143353312
0.00006781068973866369
0.000029952614824889633
-0.00007692436547443701
-0.00010138041271097939
-0.00005546904199916547
-0.000029357896629041376
-0.00004084485634996611
-0.00010347315513654206
-0.00017666678271988738
-0.000050456971438515945
0.00022212438454910472
0.0002522799685969174
0.00011750481440626605
0.00004219691113468739
0.000030777264743757726
0.00005061100112602
0.00006328790775939396
-6.926357552020087e-6
-0.0000992267708177706
-0.00007963484284569838
-0.000017700631771109562
0.000015634955303800783
0.00005615125196173616
0.0001752562214401631
0.0003268081690042134
0.00012308601001626604
-0.000387529127277542
-0.000479485750068063
-0.0002464451628708107
-0.00011485517940667774
-0.00013782263694503226
-0.00032740548244931174
-0.0005405845871047041
-0.0001345355028449143
0.0006952631743641677
0.0007634795924745999
0.0003405050292580618
0.00010590750656567745
0.000046089737032743734
0.000021004710633142254
-0.000043340184267140787
-0.00009746160474224229
-0.00001222659069034209
0.00009846187541484414
0.00011139101981583947
0.00011333877171292392
0.00022922867618025512
0.0006450418103664986
0.0011530447726438113
0.00038461488347503697
-0.0014064178346203454
-0.0016705470223544066
-0.0008213382830531739
-0.0003451172188808613
-0.0003571720140590652
-0.0007875671479688915
-0.0012475131577447725
-0.00025218267053781765
0.0016500321425775802
0.0017369928414640828
0.0007302675368085625
0.00017761661847844488
-0.00002942577389091065
-0.0003250833208885308
-0.0007567373794624172
-0.0004311899612472905
0.0007832974372641552
0.0011733599680362682
0.0007115775491426081
0.00043926580374020584
0.0006850818450444798
0.0017906226081177987
0.0030961584457159554
0.0009248570503664241
-0.0038613120889383736
-0.004439903383535656
-0.002102084857462408
-0.000800565423296296
-0.0006972065285100358
-0.0013847049451246865
-0.0020559315264875025
-0.00025911711058672576
0.0028411771239922846
0.0027954806019573576
0.0010547844634087602
0.00011478032055504965
-0.00040785201061473554
-0.0015204649522672143
-0.002974515992531557
-0.0012493412747237376
0.0034284973315387023
0.004421355460274092
0.0023665104779471992
0.0011933590271656462
0.00155767231215937
0.0038213336871321724
0.006409885421911137
0.0017065826966465702
-0.008156829597417047
-0.009103421734567949
-0.0041546572882116845
-0.0014216065121559754
-0.0009691914722143465
-0.0015716240372096691
-0.001989950598900917
0.00016363200374325287
0.0030718456933096173
0.0025269753997569223
0.0006265478053385372
-0.0003610242849997943
-0.0013507531265960712
-0.004096978712105636
-0.007491594749174566
-0.0026567244047870616
0.009019114576838884
0.010926847276145886
0.005490920510970822
0.002432227381606176
0.0027288728156955287
0.0062860437479958
0.010216035089956735
0.0023684853488194603
-0.013273863182528612
-0.014359139809715768
-0.006291085694343089
-0.001877029535376073
-0.0007825447246298888
-0.00045868525105083227
0.0003710861925377951
0.0013124399424680874
0.0004686073855456993
-0.001052865960246597
-0.0013975805187379704
-0.00146950183458085
-0.0028748565075470585
-0.007851370661017435
-0.013772681332668527
-0.004303268873707697
0.017035507222791138
0.01984148383391415
0.009543580312964473
0.0038100525259361405
0.0036768520680299137
0.007877813217687933
0.01232147745743368
0.0023320909490496078
-0.01641510901009215
-0.017092780956575623
-0.007095786722261575
-0.0016919138713044834
0.00015976961494794755
0.0023778208860481403
0.005488098375433076
0.0030409900500450405
-0.005765267396185396
-0.008485069778689652
-0.00506411843251051
-0.0030160701980911685
-0.004468094643519865
-0.011335266045510968
-0.01925798934638598
-0.005375184691387579
0.024320701065841548
0.027471203563397273
0.012741241040447802
0.004616641726864203
0.003742948575516063
0.007252232074705077
0.010702625908224883
0.00131053946584875
-0.01480765379104279
-0.014535408361143694
-0.005492077933477
-0.0006927430569425317
0.0016298322803156256
0.006012852144696259
0.011543032255725507
0.004588321346559452
-0.01352898216466953
-0.017067307960562352
-0.008935276004826201
-0.004297610863319288
-0.0052805196162877535
-0.0125810846217508
-0.020770924713144664
-0.0051679502130502755
0.026718888607791813
0.029360241925240452
0.013154520355070382
0.004298776939188049
0.0027344751336602618
0.004382936366458172
0.00565212387296797
-0.0002643699016638509
-0.008550439236505428
-0.00725414293259146
-0.001998888455098041
0.0006772334452024715
0.0028685334504508146
0.008504729764801865
0.015261316404210402
0.005077598304427039
-0.01865400724719764
-0.022140825358252045
-0.010881570116326775
-0.004583028090440018
-0.004811061167025714
-0.010772908936508632
-0.017272805075942026
-0.003757298133327627
0.02263366961421342
0.02418123582489606
0.010436016590937403
0.0030006126692806822
0.0011987913959239983
0.000849949161977715
-0.00003896040083605141
-0.001513995958223769
-0.0010953102521656622
0.0007239161896249916
0.0014472922259962885
0.0016571192002185612
0.003194470488981543
0.008504379976462997
0.01465812355749593
0.004283644501147377
-0.018375586851547793
-0.021011205139415932
-0.009896359277231545
-0.0037566791035610037
-0.003376593201095693
-0.00704251505547132
-0.010906247171511752
-0.001962795003075557
0.01460193322449706
0.015086827517474158
0.00620723274545079
0.001462937058553204
-0.00004043160981367013
-0.0015162367508854589
-0.0034839103914142792
-0.001875641264315322
0.0037198629421981233
0.005380930699679768
0.0031640590906347734
0.0018262581432724404
0.0025880086704709684
0.006394898046847215
0.01069283924689659
0.0027920390130743763
-0.013660383248674314
-0.015183395970276119
-0.006909427519615173
-0.002385989172902751
-0.00179665260607015
-0.0033990801816792043
-0.005001411605579539
-0.0006168091000955157
0.006908541803938469
0.00678986763282364
0.002580614912686439
0.00037216857444270204
-0.0005679008283179367
-0.0021061339961529137
-0.003971463959121991
-0.0014873750878973276
0.004736455441561878
0.0058459687813967225
0.0029937585998367744
0.0013742388519943918
0.0015928695742092563
0.0036955399886323356
0.006016818507110888
0.0014053176495849027
-0.007812621587479824
-0.00847064034041611
-0.0037338111009495223
-0.0011689751567494852
-0.0006920562774007479
-0.0010950755447307913
-0.0014406107979916378
0.000013423175242787344
0.002131753814927983
0.001867041220470963
0.000562639213489122
-0.00009556347918256618
-0.000537567028879401
-0.0015698380466097122
-0.002768038783889611
-0.0008617689413137127
0.003434420221625949
0.003997324505915852
0.0019226884337355211
0.0007703212794797506
0.0007561115580914434
0.0016486663077653401
0.0026134872015294336
0.000538175873513341
-0.0034475782277793477
-0.0036465711404247893
-0.0015544117492485407
-0.0004328384269689037
-0.00016553345338247288
-0.00013415202041488605
-0.00005733138502456474
0.0001487290200106743
0.00019424478128358762
4.6635279627967665e-6
-0.00011844011717557447
-0.00016203959942771352
-0.00031463310584625855
-0.0008206417595849265
-0.0013920500706718242
-0.00038047179094696624
0.0017672598059169412
0.001986760661564733
0.0009175310272013142
0.0003315800105836019
0.0002769373548529289
0.0005626099605363242
0.0008645629726341575
0.00015023409714575212
-0.0011608865282825716
-0.0011932131338848056
-0.00048803549959736906
-0.00011440991502732334
-3.4877271436559486e-6
0.00008417522127671754
0.00019379387889313142
0.00010127348961682642
-0.00021081683472372136
-0.0002998426212530559
-0.0001739017303151507
-0.00009765976993246984
-0.00013323097436595104
-0.00032176801323822107
-0.0005304829692567677
-0.00012994744748907582
0.0006847367110370856
0.000750305616615246
0.0003356109718419658
0.00011071196230868035
0.00007718718468646196
0.00014243536553144417
0.00020933980839219174
0.00002663154384112383
-0.00028809294000173725
-0.0002841310446512258
-0.00010887840572286853
-0.000017557586787059634
0.000017162598656800893
0.00006544161171120656
0.00012141302279210243
0.00004265656193490271
-0.00014744038055972472
-0.00017811514761098405
-0.00008924476698289884
-0.00003910752968648278
-0.00004279353538183451
-0.00009688762662179853
-0.00015585861491468296
-0.00003437778495557051
0.0002039744311417431
0.00021866192177745264
0.0000950350862145875
0.00002860895519504236
0.000015718523650095126
0.00002444561267215705
0.00003275769089728058
8.532042054382889e-7
-0.00004742150588138424
-0.00004277717352300558
-0.000013838925085034797
7.358145142997611e-7
8.884140099292232e-6
0.000025796684924413286
0.00004477331410200901
0.000013021040244032344
-0.00005636906509196025
-0.00006441329005873426
-0.000030351289745776008
-0.00001157502337414035
-0.000010602745020378748
-0.000022530371331175894
-0.000035375921976091345
-6.962231004819466e-6
0.00004689889805488338
0.00004921647726020806
0.000020771369034385026
5.628470832715282e-6
2.0561874917884085e-6
1.8141672570633575e-6
1.3182216638883534e-6
-1.2281585132526243e-6
-2.791658745800848e-6
-1.068119423700528e-6
6.70689471174793e-7
1.3668404190124655e-6
2.7476019556794654e-6
7.060192407236688e-6
0.000011808112414537115
3.0221447511824327e-6
-0.000015167186968005437
-0.000016791836703677174
-7.615356123148388e-6
-2.6244633246764875e-6
-2.0302507731835655e-6
-4.014346410131732e-6
-6.13074680079926e-6
-1.0425476290093807e-6
8.24124923756012e-6
8.443462807786347e-6
3.4408819797060247e-6
8.056128064749145e-7
6.270960313584926e-8
-4.058470859934615e-7
-9.454535876605331e-7
-4.787231878219772e-7
1.0520107609127832e-6
1.4712549122390095e-6
8.424411925439369e-7
4.6185445993724015e-7
6.099500462747539e-7
1.4445305556048754e-6
2.3524423940548945e-6
5.428207495453514e-7
-3.0641082301340404e-6
-3.3161379292915036e-6
-1.4607745220024998e-6
-4.616576143672013e-7
-2.9697907838061615e-7
-5.329754312318245e-7
-7.829496566763613e-7
-1.0402436072903262e-7
1.0719069087426579e-6
1.062076954486621e-6
4.106115010059247e-7
7.235743981973417e-8
-4.4575570946944206e-8
-1.8061440710818556e-7
-3.3045927293086175e-7
-1.0842994732860187e-7
4.0891549707066823e-7
4.837998320361013e-7
2.3726848023519693e-7
9.924840784304832e-8
1.024646389836763e-7
2.2672168577357616e-7
3.609662073884391e-7
7.570357778050325e-8
-4.754360045057077e-7
-5.048862952041067e-7
-2.168167078106327e-7
-6.300070952546255e-8
-3.204199603223509e-8
-4.863915363210811e-8
-6.617056132002624e-8
-3.79883725043502e-9
9.382183028015037e-8
8.6835623834633e-8
2.9663872232947397e-8
8.067541829472613e-10
-1.2931207444587973e-8
-3.7769915653803506e-8
-6.465878524184815e-8
-1.7550485411885657e-8
8.256543780368902e-8
9.275783344387171e-8
4.287107283884461e-8
1.557410305981891e-8
1.327722704902583e-8
2.7484387485097814e-8
4.2803674686822356e-8
8.126792840941299e-9
-5.6944211679401284e-8
-5.939097295653046e-8
-2.4868852081480386e-8
-6.5855312437966604e-9
-2.293499972848473e-9
-2.115330707451195e-9
-1.943977845615748e-9
8.280380546588636e-10
3.3535132124664507e-9
1.9853652490314983e-9
0
-9.826400902132867e-10
-2.1289951481030793e-9
-5.417669639154914e-9
-8.9492687270444e-9
-2.150356456286318e-9
1.1622100949143762e-8
1.268913961697903e-8
5.66277418733132e-9
1.8634480317349856e-9
1.3325305002947413e-9
2.556469377587169e-9
3.883639826055869e-9
6.528069213521539e-10
-5.22081561772897e-9
-5.335848154696624e-9
-2.1685965063843788e-9
-5.102911939901155e-10
0
1.6918373255762542e-10
4.0300808848782684e-10
1.982480494453869e-10
-4.633796977868453e-10
-6.349506191618643e-10
-3.6201290103846856e-10
-1.912939431029463e-10
-2.501294856318442e-10
-5.787510969576029e-10
-9.31808645134082e-10
-2.0337834486537984e-10
1.2262071312590182e-9
1.3087822452789223e-9
5.686886130754933e-10
1.737792571065709e-10
1.0207553846996738e-10
1.7789520004081694e-10
2.6259441597843306e-10
0
-3.5649703339684874e-10
-3.551503037178547e-10
-1.3602183008876338e-10
0
0
0
0
0
-1.0278823121211688e-10
-1.1499300578641098e-10
0
0
0
0
0
0
1.0093975226608519e-10
1.0470771972169417e-10
0
0
0
0
0
0
0
0
0
0
0
0
0
0
0
0
0
0
0
0
0
0
0
0
0
0
0
0
0
0
0
0
0
0
0
0
0
0
0
0
0
0
0
0
0
0
0
0
0
0
0
0
0
0
0
0
0
0
0
0
0
0
0
0
0
0
0
0
0
0
0
0
0
0
0
0
0
0
0
0
0
0
0
0
0
0
0
0
0
0
0
0
0
0
0
0
0
0
0
0
0
0
0
0
0
0
0
0
0
0
0
0
0
0
0
0
0
0
0
0
0
0
0
0
0
0
0
0
0
0
0
0
0
0
0
0
0
0
0
0
0
0
0
0
0
0
0
0
0
0
0
0
0
0
0
0
0
0
0
0
0
0
0
0
0
0
0
0
0
0
0
0
0
0
0
0
0
0
0
0
0
0
0
0
0
0
0
0
0
0
0
0
0
0
0
0
0
0
0
0
0
0
0
0
0
0
0
0
0
0
0
0
0
0
0
0
0
0
0
0
0
0
0
0
0
0
0
0
0
0
0
0
0
0
0
0
0
0
0
0
0
0
0
0
0
0
0
0
0
0
0
0
0
0
0
0
0
0
0
0
0
0
0
0
0
0
0
0
0
0
0
0
0
0
0
0
0
0
0
0
0
0
0
0
0
0
0
0
0
0
0
0
0
0
0
0
0
0
0
0
0
0
0
0
0
0
0
0
0
0
0
0
0
0
0
0
0
0
0
0
0
0
0
0
0
0
0
0
0
0
0
0
0
0
0
0
0
0
0
0
0
0
0
0
0
0
0
0
0
0
0
0
0
0
0
0
0
0
0
0
0
0
0
0
0
0
0
0
0
0
0
0
0
0
0
0
0
0
0
0
0
0
0
0
0
0
0
0
0
0
0
0
0
0
0
0
0
0
0
0
0
0
0
0
0
0
0
0
0
0
0
0
0
0
0
0
0
0
0
0
0
0
0
0
0
0
0
0
0
0
0
0
0
0
0
0
0
0
0
0
0
0
0
0
0
0