0
0
0
0
0
0
0
0
0
0
0
0
0
0
0
0
0
0
0
0
0
0
0
0
0
0
0
0
0
0
0
0
0
0
0
0
0
0
0
0
0
0
0
0
0
0
0
0
0
0
0
0
0
0
0
0
0
0
0
0
0
0
0
0
0
0
0
0
0
0
0
0
0
0
0
0
0
0
0
0
0
0
0
0
0
0
0
0
0
0
0
0
0
0
0
0
0
0
0
0
0
0
0
0
0
0
0
0
0
0
0
0
0
0
0
0
0
0
0
0
0
0
0
0
0
0
0
0
0
0
0
0
0
0
0
0
0
0
0
0
0
0
0
0
0
0
0
0
0
0
0
0
0
0
0
0
0
0
0
0
0
0
0
0
0
0
0
0
0
0
0
0
0
0
0
0
0
0
0
0
0
0
0
0
0
0
0
0
0
0
0
0
0
0
0
0
0
0
0
0
0
0
0
0
0
0
0
0
0
0
0
0
0
0
0
0
0
0
0
0
0
0
0
0
0
0
0
0
0
0
0
0
0
0
0
0
0
0
0
0
0
0
0
0
0
0
0
0
0
0
0
0
0
0
0
0
0
0
0
0
0
0
0
0
0
0
0
0
0
0
0
0
0
0
0
0
0
0
0
0
0
0
0
0
0
0
0
0
0
0
0
0
0
0
0
0
0
0
0
0
0
0
0
0
0
0
0
0
0
0
0
0
0
0
0
0
0
0
0
0
0
0
0
0
0
0
0
0
0
0
0
0
0
0
0
0
0
0
0
0
0
0
0
0
0
0
0
0
0
0
0
0
0
0
0
0
0
0
0
0
0
0
0
0
0
0
0
0
0
0
0
0
0
0
0
0
0
0
0
0
0
0
0
0
0
0
0
0
0
0
0
0
0
0
0
0
0
0
0
0
0
0
0
0
0
0
0
0
0
0
0
0
0
0
0
0
0
0
0
0
0
0
0
0
0
0
0
0
0
0
0
0
0
0
0
0
0
0
0
0
0
0
0
0
0
0
0
0
0
0
0
0
0
0
1.6622872063863721e-10
2.4450162631826713e-10
1.951914268544588e-10
0
0
0
-1.0889216972509933e-10
-1.4028296470969389e-10
-1.8745308257377243e-10
-2.1357843167622375e-10
-1.67911250498033e-10
0
0
0
0
-2.3270824444980152e-10
-5.728946439613303e-10
-9.445489176126707e-10
-7.793382579038023e-10
-1.504593652440762e-10
3.5068080603889216e-10
5.95531588286633e-10
7.872409476545924e-10
1.201317923093147e-9
2.0957098963508894e-9
2.9442293036993155e-9
2.3912801479830844e-9
7.872616158543704e-10
-3.467034496512342e-10
-7.854571967826761e-10
-9.54260130839853e-10
-1.0331407918357158e-9
-9.560195416292174e-10
-6.445339817937916e-10
-4.5042477907771024e-10
-6.981711358027116e-10
-1.1425349938524749e-9
-1.5638023321890875e-9
-2.2224664676630815e-9
-4.111543312313569e-9
-8.656638985874336e-9
-1.3382729020434858e-8
-1.1005597014454736e-8
-2.6635761639076098e-9
3.699076590882612e-9
6.604171265705967e-9
8.6020629216818e-9
1.236393516488495e-8
2.014210372360995e-8
2.712049023082381e-8
2.1925306214925043e-8
8.178997776045456e-9
-1.1065412677133552e-9
-4.314305873370202e-9
-4.801587694196041e-9
-2.8176760453613995e-9
4.179136164014598e-9
1.3332389800664944e-8
1.1599063440362742e-8
-2.1362328767303174e-9
-1.4638237518274673e-8
-2.20964452490605e-8
-3.010079684547383e-8
-5.0011193898496905e-8
-9.600842024073403e-8
-1.4204581965321556e-7
-1.1622087718370731e-7
-3.268276047748843e-8
2.9138693730635763e-8
5.575754638146313e-8
7.143714814898928e-8
9.676973896289931e-8
1.4503254265469983e-7
1.8430442012811855e-7
1.4798333735719008e-7
6.465188782382951e-8
1.2758424522514992e-8
-9.776430104069657e-10
5.61166780517873e-9
4.418959933703865e-8
1.4968564814736033e-7
2.69555829958721e-7
2.2493213607555283e-7
2.6523758082813358e-8
-1.357779710720824e-7
-2.1925312992962123e-7
-2.9163074470547296e-7
-4.5284685413800555e-7
-8.107128694522301e-7
-1.1559687526654883e-6
-9.419199198636165e-7
-2.9822399947952137e-7
1.643152128758647e-7
3.515595905851656e-7
4.4266199655041647e-7
5.55360059872287e-7
7.318317396286613e-7
8.354469751613027e-7
6.619161123700563e-7
3.764033732863349e-7
2.436636002680068e-7
2.5460538288044104e-7
3.740376919018715e-7
7.767561615366947e-7
1.7805129575010575e-6
2.847778647109649e-6
2.348233296428236e-6
4.954338961426252e-7
-9.433849403131687e-7
-1.6221194460363963e-6
-2.1235118272243124e-6
-3.12863204192321e-6
-5.26768859721884e-6
-7.2483484945954045e-6
-5.884488213608011e-6
-2.0769275910605986e-6
5.698353868389379e-7
1.564343088377156e-6
1.9212452212368363e-6
2.0950019784143724e-6
1.9870436300771176e-6
1.4409770477058608e-6
1.0559476104202163e-6
1.4623538719935237e-6
2.2316365584850325e-6
2.9640960117634953e-6
4.0489269023952026e-6
6.9932070584235345e-6
0.000013930864618082226
0.000020980540283369783
0.000017193744878496675
4.544162848726714e-6
-4.932734445264983e-6
-9.120170386046454e-6
-0.000011796655818323747
-0.00001657326187246724
-0.000026227508589291454
-0.0000346939337636942
-0.000028059516768443857
-0.000011103186302399706
1.7507203092010743e-7
3.966237039007114e-6
4.550484909385888e-6
2.6490283849906025e-6
-4.029898195877288e-6
-0.000012647842854419978
-0.000010858980044824363
2.2015400270909807e-6
0.000013922957636927539
0.00002071703127585991
0.000027538179334250855
0.000043659489931372845
0.00008003327557738189
0.0001156205369517845
0.00009436847625134134
0.000028706476546503765
-0.000019031150866317717
-0.00003892357459714682
-0.000049844764463978576
-0.00006658120485130992
-0.00009784989434239104
-0.0001228176673669891
-0.00009885395798257235
-0.000045123119735454964
-0.000012043090822093444
-3.347585595259945e-6
-6.682063745216137e-6
-0.000026420031450561273
-0.00007925756866594023
-0.00013809112723474858
-0.0001144350330476411
-0.0000155981000972506
0.00006384012858642738
0.00010339211456152348
0.0001354011904655627
0.00020307284321054755
0.00034986621723293547
0.000488338334250656
0.0003973587261835401
0.00013484384351168397
-0.0000505695791851512
-0.00012331385764942772
-0.00015640942543577112
-0.000195490270708659
-0.000256372687261841
-0.00029253917465943223
-0.00023334948264066004
-0.000134777006743647
-0.00008784207786417856
-0.00008905618111716266
-0.00012205037772296183
-0.0002294820173063988
-0.0004911446554997303
-0.000763292757615352
-0.000626633419451919
-0.00014639054762869753
0.00021981528216022912
0.0003869400885918789
0.000502014476012401
0.0007208859407621328
0.0011766499015501714
0.0015896644384504966
0.0012901513971092893
0.00048327070875429364
-0.0000687789207330357
-0.0002703854884151056
-0.00033880013800061787
-0.00037328613174335355
-0.00036558280575114775
-0.00028579682755336817
-0.00021764993533018731
-0.0002667270674194127
-0.000378302051667317
-0.00048798844213327337
-0.0006450107459242825
-0.0010530529261725751
-0.00199266109845615
-0.002926185355853319
-0.002391153052681639
-0.000687636414269447
0.0005658964813635563
0.0011018937742017269
0.00142103940233843
0.0019614858098764535
0.0030326865469027476
0.00395431734485963
0.003201176989015544
0.0013286303129819233
0.00009935285767337235
-0.0003051307714309795
-0.0003695173439220481
-0.00021064125144210945
0.0003463315749439461
0.0010554661021888547
0.0008942653905254727
-0.00019185200367388745
-0.0011529692831305086
-0.0016955940261047546
-0.002209778532195523
-0.0033694565637188683
-0.005928264944792432
-0.00837683982385976
-0.006825328692173879
-0.0022312584332211155
0.0010517831000592466
0.0023771037939084257
0.0030553331135348733
0.004042699422486147
0.005860464183849317
0.007294615685836733
0.00588724946228663
0.002773417336845145
0.0008674290805375878
0.0003630906267264963
0.0005050198688807283
0.0013962280844400147
0.003733614338328817
0.006281053239959068
0.005173560402030746
0.0008236378646099357
-0.002609385589543805
-0.004264838301390057
-0.005519736336775782
-0.008046640469184223
-0.013413371081105985
-0.018370104687289692
-0.014936748325461014
-0.005387921717143121
0.0012500587983033285
0.0037785648132099533
0.004854629395993583
0.006069817461552039
0.007968515695038637
0.009132001909593438
0.0073300766265857135
0.004243454180507011
0.0027167951561186533
0.002658821753774526
0.003455075432195172
0.005994053316213732
0.012043857730516092
0.01819562822772313
0.01488526984387236
0.003840435469954204
-0.0044292879726301046
-0.008081433646143993
-0.010428382210634211
-0.014674105125904491
-0.02334531975095079
-0.031054730402355384
-0.02520940644571376
-0.009927638555502077
0.0003848702162425467
0.004056910519077709
0.005238999413668301
0.00585808668068875
0.005956084343746816
0.0050109269194273985
0.00392268208490192
0.004264544198415348
0.005582573246646804
0.006991534159471089
0.00899328325997299
0.014014050493272461
0.02532967977629726
0.03632519336931146
0.029621648140684083
0.00921086215409114
-0.005549019976189565
-0.011660865817464696
-0.015051765332572516
-0.02050749240748806
-0.031142792462527994
-0.040155664115042164
-0.03254953471602408
-0.014026802764914541
-0.0019875397819975257
0.001911932330785548
0.0025608535707630354
0.0014128837504753986
-0.0026471726533330124
-0.0077495972923175265
-0.006482977787767863
0.0014244377346589545
0.008326381608302761
0.01213146045544503
0.015560385167656333
0.022978739745985424
0.039015953580360245
0.054042605836400394
0.04398709668465155
0.015331339053949096
-0.0048201095346506895
-0.012712493559174538
-0.016477666693167213
-0.021685253166135607
-0.031166385646164186
-0.038604959392145956
-0.03124135359289277
-0.015031415992332708
-0.005119468610938712
-0.002452721966023752
-0.00294053913701931
-0.0064918448182966805
-0.015639301316644857
-0.025390569092158484
-0.02080860214938699
-0.003859876904699551
0.009271785275441606
0.015406868580784744
0.019773860851680956
0.02817625270731392
0.04568555413978711
0.06155011381864486
0.050036783509186916
0.019018642883471736
-0.002239816698197533
-0.010120932403141972
-0.013261838156736512
-0.016650719956064507
-0.021984881253518353
-0.025390569092158484
-0.020491311430992264
-0.011774053835747771
-0.007273306672328453
-0.006831633235365451
-0.008502841642874556
-0.013822806897115727
-0.0262495931222003
-0.038604959392145956
-0.03149792233825109
-0.00891522871003189
0.007693293858209956
0.014795249168311627
0.019056976124952454
0.02640075721961683
0.04114511426499143
0.054042605836400394
0.043896470443366614
0.018010473472282688
0.0007416167959733399
-0.005275816842993182
-0.007121234227790561
-0.008118735896924544
-0.008601883298197466
-0.0077495972923175265
-0.006183387180900669
-0.005999497337959956
-0.007198267703629358
-0.008739318804750717
-0.010985650781970547
-0.016475713911441217
-0.028611634294110545
-0.040155664115042164
-0.03270038369454008
-0.01090622962273148
0.004596193309275457
0.010820345037263111
0.014037870279996588
0.01895554833036111
0.0284063209246512
0.03632519336931146
0.02948668042597297
0.01307622436707123
0.0024849510200815692
-0.0009093843324042171
-0.0015029625899046137
-0.0007909682038142134
0.0017969442903128653
0.0050109269194273985
0.004142017458649136
-0.0009057384079084788
-0.005254090003551389
-0.007600656577889206
-0.009625348433687127
-0.01384931010980183
-0.022815390705316997
-0.031054730402355384
-0.02526387617034909
-0.00930849319842489
0.0017483945800799414
0.005958173943306911
0.007831086228306422
0.010287527673855764
0.014720173408826951
0.01819562822772313
0.014761782072838356
0.007193765250790832
0.0025552021311790684
0.0012795223868417422
0.0014017326946472025
0.0026510744214927485
0.0058241556344163226
0.009132001909593438
0.0074543249003466905
0.0015944404093003338
-0.002862994050379774
-0.004881457500717341
-0.006232547788961911
-0.00872266156753197
-0.013824819973990493
-0.018370104687289692
-0.014936636016122358
-0.005931640079003712
0.00016410655017149074
0.002369773015141538
0.0031944701662145313
0.004041480535829229
0.005385461051590195
0.006281053239959068
0.0050916719238724055
0.0028848789217343494
0.0016976995129134949
0.001520894209586421
0.0018241642718051674
0.0028133088134424658
0.005084892603052519
0.007294615685836733
0.00594061900634519
0.0018279113796804628
-0.0011451784364229993
-0.0023772371067554273
-0.003067576102525886
-0.004200977467220512
-0.006442383883133719
-0.00837683982385976
-0.006809533885432255
-0.002887272564356292
-0.0002949559032601603
0.0005922489648372054
0.000852632424777067
0.0009958613439521326
0.0011017078620867355
0.0010554661021888547
0.000853048038862125
0.000745109813809392
0.0008141249632479375
0.0009557175544025401
0.001177506383189317
0.0017114693615841794
0.0028721013600355423
0.00395431734485963
0.0032175889499802754
0.0011408648945177805
-0.00031391588664725654
-0.0008811713060592046
-0.0011543695561621373
-0.001550314819000393
-0.002301670506652939
-0.002926185355853319
-0.002378652431187875
-0.0010774418286404995
-0.00024157506954175856
0.000024579679890946886
0.00007340267422530247
0.0000359590287629984
-0.00010835236093494274
-0.00028579682755336817
-0.0002336017490178508
0.00004948012896326092
0.00029030525648042303
0.00041780115009121407
0.0005237663989136647
0.0007380089840133596
0.0011855488107395283
0.0015896644384504966
0.0012930956821926296
0.0004994303386556424
-0.000043417052954369975
-0.00024481223229455616
-0.0003284374211105059
-0.00043205283139757073
-0.0006175095339390298
-0.000763292757615352
-0.0006205924508514279
-0.0003044095079141692
-0.00010977491864611329
-0.00005499219282124694
-0.00005629119916101559
-0.0000951065851736335
-0.00019286020482055366
-0.00029253917465943223
-0.00023807286147897586
-0.00005787360838980792
0.0000767380674871879
0.0001358458211461309
0.00017306821407892564
0.00023887716439025786
0.0003717155001123515
0.000488338334250656
0.0003972288907156368
0.00016353214665185673
6.996426578021271e-6
-0.000048448922265860016
-0.00006794645104731137
-0.00008689512247053628
-0.0001171332285149635
-0.00013809112723474858
-0.00011233572204218329
-0.00006253103186363687
-0.00003475987485907215
-0.000029506648777265125
-0.00003421966806288126
-0.000050551534499247994
-0.00008755872325711299
-0.0001228176673669891
-0.00009989708268000472
-0.0000330767070016785
0.00001444855004360768
0.00003355769168553582
0.00004355055872432547
0.00005916338895410012
0.00008961968552733104
0.0001156205369517845
0.00009406838898834793
0.00004093066229567867
6.069423359519521e-6
-5.687736378489094e-6
-9.004154625679382e-6
-0.00001082784049093529
-0.00001251205408255823
-0.000012647842854419978
-0.000010310044072330922
-8.191484020243045e-6
-8.107528777305659e-6
-9.169688215136128e-6
-0.000011094599986854608
-0.00001571683767594339
-0.000025623792087385887
-0.0000346939337636942
-0.00002821909809256981
-0.000010543379287533998
1.6675620225530621e-6
6.30074966809666e-6
8.379849671890787e-6
0.00001122741334986936
0.000016566859740356557
0.000020980540283369783
0.00001707684540151485
7.854208619591328e-6
1.9470403825017623e-6
7.277335912550582e-8
-2.8563531212465244e-7
-1.2270688441638768e-7
5.81472588010057e-7
1.4409770477058608e-6
1.1652310860211976e-6
-2.3254646863381244e-7
-1.4074414152280294e-6
-2.0188332505977276e-6
-2.5108370389163707e-6
-3.479256699323316e-6
-5.474459253213567e-6
-7.2483484945954045e-6
-5.896888856946428e-6
-2.3687926629279305e-6
1.6779736965048636e-8
8.813658861685963e-7
1.2168952271470569e-6
1.6075401313770314e-6
2.3006274512018863e-6
2.847778647109649e-6
2.3196070244544953e-6
1.1402634730701928e-6
4.1052305900643764e-7
2.0061331810579183e-7
1.9362819388822342e-7
3.001157324781286e-7
5.680467236705265e-7
8.354469751613027e-7
6.783528036242755e-7
1.8443626336963848e-7
-1.780658068338095e-7
-3.3248506202312677e-7
-4.239312488717125e-7
-5.7906607108877e-7
-8.880445044589338e-7
-1.1559687526654883e-6
-9.407828057552988e-7
-3.987663605208024e-7
-3.8912709437361315e-8
8.621780402715997e-8
1.277287380921282e-7
1.656210708165724e-7
2.2616036864056816e-7
2.69555829958721e-7
2.1987695475336092e-7
1.200732597777168e-7
6.274920698005544e-8
5.013745177709758e-8
5.6297934775251806e-8
8.025420466271775e-8
1.3403916354774763e-7
1.8430442012811855e-7
1.497888858821487e-7
5.282394343652972e-8
-1.510604684165717e-8
-4.164559623635997e-8
-5.4590646697261576e-8
-7.378867790961986e-8
-1.1075530886889376e-7
-1.4204581965321556e-7
-1.1565995606779427e-7
-5.1347098940483996e-8
-9.398684535857908e-9
4.58417572251106e-9
8.389422150106072e-9
1.0443217699783511e-8
1.259656046555559e-8
1.3332389800664944e-8
1.0929875658240977e-8
7.987061869375304e-9
7.135826465401309e-9
7.73903003425564e-9
9.2049749023306e-9
1.2768952045029775e-8
2.031690320793188e-8
2.712049023082381e-8
2.2052128242861282e-8
8.610578620628567e-9
-5.600121208868601e-10
-3.954886788326318e-9
-5.374585620426491e-9
-7.203797129457715e-9
-1.0592146319684768e-8
-1.3382729020434858e-8
-1.0902473068076085e-8
-5.068158387782605e-9
-1.339337678192001e-9
-1.5585987605698008e-10
0
0
-2.7622132476910283e-10
-6.445339817937916e-10
-5.129993848001069e-10
0
5.991441601199963e-10
8.584694174383128e-10
1.0612103923145783e-9
1.4523499833328072e-9
2.2458194622485078e-9
2.9442293036993155e-9
2.392151780236922e-9
9.922769719453637e-10
0
-2.781209660182957e-10
-3.990647770711663e-10
-5.296917721335079e-10
-7.634032403360006e-10
-9.445489176126707e-10
-7.714428358603061e-10
-3.7792598045953847e-10
-1.3439255901728818e-10
0
0
0
-1.4720532468403286e-10
-2.1357843167622375e-10
-1.6913164049878733e-10
0
0
0
0
1.242590293409953e-10
1.902958641368204e-10
2.4450162631826713e-10
1.9825699012257108e-10
0
0
0
0
0
0
0
0
0
0
0
0
0
0
0
0
0
0
0
0
0
0
0
0
0
0
0
0
0
0
0
0
0
0
0
0
0
0
0
0
0
0
0
0
0
0
0
0
0
0
0
0
0
0
0
0
0
0
0
0
0
0
0
0
0
0
0
0
0
0
0
0
0
0
0
0
0
0
0
0
0
0
0
0
0
0
0
0
0
0
0
0
0
0
0
0
0
0
0
0
0
0
0
0
0
0
0
0
0
0
0
0
0
0
0
0
0
0
0
0
0
0
0
0
0
0
0
0
0
0
0
0
0
0
0
0
0
0
0
0
0
0
0
0
0
0
0
0
0
0
0
0
0
0
0
0
0
0
0
0
0
0
0
0
0
0
0
0
0
0
0
0
0
0
0
0
0
0
0
0
0
0
0
0
0
0
0
0
0
0
0
0
0
0
0
0
0
0
0
0
0
0
0
0
0
0
0
0
0
0
0
0
0
0
0
0
0
0
0
0
0
0
0
0
0
0
0
0
0
0
0
0
0
0
0
0
0
0
0
0
0
0
0
0
0
0
0
0
0
0
0
0
0
0
0
0
0
0
0
0
0
0
0
0
0
0
0
0
0
0
0
0
0
0
0
0
0
0
0
0
0
0
0
0
0
0
0
0
0
0
0
0
0
0
0
0
0
0
0
0
0
0
0
0
0
0
0
0
0
0
0
0
0
0
0
0
0
0
0
0
0
0
0
0
0
0
0
0
0
0
0
0
0
0
0
0
0
0
0
0
0
0
0
0
0
0
0
0
0
0
0
0
0
0
0
0
0
0
0
0
0
0
0
0
0
0
0
0
0
0
0
0
0
0
0
0
0
0
0
0
0
0
0
0
0
0
0
0
0
0
0
0
0
0
0
0
0
0
0
0
0
0
0
0
0
0
0
0
0
0
0
0
0
0
0
0
0
0
0
0
0
0
0
0
0
0
0
0
0
0
0
0
0
0
0
0
0
0
0
0
0
0
0
0
0
0
0