-0.000036071613349840034
-0.000037406111833974834
-0.0000379747695288975
-0.00003763631748946003
-0.00003625182183113586
-0.000033688959447556377
-0.000029826758644279716
-0.000024560734937909218
-0.0000178083301057173
-9.514540037014203e-6
3.4240530817175423e-7
0.000011745467744513549
0.000024633509800494984
0.000038896480717959297
0.000054371286561444114
0.00007083856007562362
0.00008802054914800296
0.00010558033976069861
0.0001231226194162271
0.00014019616958807707
0.0001562982503274012
0.0001708810064972898
0.00018335998317834269
0.0001931247878233667
0.00019955187924709013
0.0002020193993311351
0.0001999238935288506
0.00019269869230573275
0.00017983364929063874
0.00016089585516780797
0.00013555087149147004
0.00010358395814681642
0.00006492070476332284
0.000019646422749716887
-0.00003197638648119783
-0.00008949319741246924
-0.00015224597890903702
-0.00021936577190772612
-0.0002897699992040631
-0.00036216512319440304
-0.00043505518621845857
-0.0005067566625307069
-0.0005754199214068421
-0.0006390574487432957
-0.0006955788018373024
-0.0007428320817892517
-0.0007786515039335058
-0.0008009104334688855
-0.0008075790363596433
-0.000796785480597641
-0.0007668794165723376
-0.0007164962744830419
-0.000644620748546843
-0.0005506476993079332
-0.00043443860352713483
-0.0002963716223626226
-0.00013738334859584396
0.000040999662666260086
0.00023664137440659958
0.0004467903932640466
0.0006680891534183214
0.0008965992918007449
0.0011278440110376164
0.0013568678382683739
0.0015783137547628287
0.0017865172016964252
0.0019756159719251237
0.0021396744881492505
0.0022728204578736154
0.0023693913995586962
0.0024240880675553272
0.002432131381403978
0.0023894191033354394
0.002292678221231049
0.002139608796715717
0.001929014941729389
0.0016609186020681843
0.0013366519607192718
0.0009589245321359117
0.0005318614024536199
0.000061009578045133784
-0.00044668996995469784
-0.0009829662439533055
-0.0015383189911942902
-0.0021021562513774987
-0.0026629676591690106
-0.0032085314806412518
-0.0037261523540694274
-0.004202925715320187
-0.0046260239449682885
-0.00498299840730801
-0.005262090789167753
-0.005452546516137591
-0.005544922550518999
-0.005531381580971054
-0.005405964516538063
-0.005164833310950599
-0.004806476474973986
-0.004331870187526543
-0.003744588686538865
-0.0030508585979522056
-0.0022595530293583665
-0.001382122590858983
-0.00043246198122254146
0.0005732876414850565
0.0016169986372919502
0.002678875668661895
0.0037378280964642085
0.004771889203255585
0.005758673981859504
0.006675865905644854
0.007501721973675636
0.008215584437370207
0.00879838699865283
0.009233142949670353
0.009505402720528995
0.009603668625578012
0.009519755253164097
0.009249084922003197
0.008790908913613203
0.008148446759775805
0.0073289376832361315
0.006343600317326942
0.005207499017432782
0.003939317369883276
0.0025610418432555526
0.001097560851588665
-0.00042381325408593316
-0.001973889642369677
-0.0035222003751682277
-0.005037644514872844
-0.006489160434024447
-0.007846410796277986
-0.00908046405832936
-0.010164456128106644
-0.011074216018026925
-0.011788839955253106
-0.012291199443891468
-0.012568370195752042
-0.012611970624441273
-0.012418400689711164
-0.011988974233510087
-0.011329940506596251
-0.010452393279178806
-0.009372068690697514
-0.008109035749898163
-0.0066872860737023174
-0.005134231980504436
-0.003480124362588785
-0.0017574037910504299
0.
0.0017574037910504299
0.003480124362588785
0.005134231980504436
0.0066872860737023174
0.008109035749898163
0.009372068690697514
0.010452393279178806
0.011329940506596251
0.011988974233510087
0.012418400689711164
0.012611970624441273
0.012568370195752042
0.012291199443891468
0.011788839955253106
0.011074216018026925
0.010164456128106644
0.00908046405832936
0.007846410796277986
0.006489160434024447
0.005037644514872844
0.0035222003751682277
0.001973889642369677
0.00042381325408593316
-0.001097560851588665
-0.0025610418432555526
-0.003939317369883276
-0.005207499017432782
-0.006343600317326942
-0.0073289376832361315
-0.008148446759775805
-0.008790908913613203
-0.009249084922003197
-0.009519755253164097
-0.009603668625578012
-0.009505402720528995
-0.009233142949670353
-0.00879838699865283
-0.008215584437370207
-0.007501721973675636
-0.006675865905644854
-0.005758673981859504
-0.004771889203255585
-0.0037378280964642085
-0.002678875668661895
-0.0016169986372919502
-0.0005732876414850565
0.00043246198122254146
0.001382122590858983
0.0022595530293583665
0.0030508585979522056
0.003744588686538865
0.004331870187526543
0.004806476474973986
0.005164833310950599
0.005405964516538063
0.005531381580971054
0.005544922550518999
0.005452546516137591
0.005262090789167753
0.00498299840730801
0.0046260239449682885
0.004202925715320187
0.0037261523540694274
0.0032085314806412518
0.0026629676591690106
0.0021021562513774987
0.0015383189911942902
0.0009829662439533055
0.00044668996995469784
-0.000061009578045133784
-0.0005318614024536199
-0.0009589245321359117
-0.0013366519607192718
-0.0016609186020681843
-0.001929014941729389
-0.002139608796715717
-0.002292678221231049
-0.0023894191033354394
-0.002432131381403978
-0.0024240880675553272
-0.0023693913995586962
-0.0022728204578736154
-0.0021396744881492505
-0.0019756159719251237
-0.0017865172016964252
-0.0015783137547628287
-0.0013568678382683739
-0.0011278440110376164
-0.0008965992918007449
-0.0006680891534183214
-0.0004467903932640466
-0.00023664137440659958
-0.000040999662666260086
0.00013738334859584396
0.0002963716223626226
0.00043443860352713483
0.0005506476993079332
0.000644620748546843
0.0007164962744830419
0.0007668794165723376
0.000796785480597641
0.0008075790363596433
0.0008009104334688855
0.0007786515039335058
0.0007428320817892517
0.0006955788018373024
0.0006390574487432957
0.0005754199214068421
0.0005067566625307069
0.00043505518621845857
0.00036216512319440304
0.0002897699992040631
0.00021936577190772612
0.00015224597890903702
0.00008949319741246924
0.00003197638648119783
-0.000019646422749716887
-0.00006492070476332284
-0.00010358395814681642
-0.00013555087149147004
-0.00016089585516780797
-0.00017983364929063874
-0.00019269869230573275
-0.0001999238935288506
-0.0002020193993311351
-0.00019955187924709013
-0.0001931247878233667
-0.00018335998317834269
-0.0001708810064972898
-0.0001562982503274012
-0.00014019616958807707
-0.0001231226194162271
-0.00010558033976069861
-0.00008802054914800296
-0.00007083856007562362
-0.000054371286561444114
-0.000038896480717959297
-0.000024633509800494984
-0.000011745467744513549
-3.4240530817175423e-7
9.514540037014203e-6
0.0000178083301057173
0.000024560734937909218
0.000029826758644279716
0.000033688959447556377
0.00003625182183113586
0.00003763631748946003
0.0000379747695288975
0.000037406111833974834
0.000036071613349840034
0.000034111115803753386
0.00003165981356619289
0.000028845586306186
0.000025786879099867635
0.00002259111088657816
0.000019353580727262477
0.000016156832221349274
0.000013070429627714923
0.000010151094601066799
7.443149838187637e-6
4.979215132795158e-6
2.7811021411037204e-6
8.608563239614897e-7
-7.781021898753751e-7
-2.1397829259768315e-6
-3.2344138959994675e-6
-4.077249069144549e-6
-4.687423212110936e-6
-5.086877399288273e-6
-5.299373199083891e-6
-5.349608509285257e-6
-5.262443349460027e-6
-5.0622397012103915e-6
-4.772315773189499e-6
-4.4145118898716385e-6
-4.008862573589222e-6
-3.5733673030757493e-6
-3.123850868128454e-6
-2.6739031664070254e-6
-2.234887662467015e-6
-1.8160075017084262e-6
-1.4244183896076597e-6
-1.065377753434074e-6
-7.424203440653011e-7
-4.575512550556403e-7
-2.1144828349730672e-7
-3.666585193448646e-9
1.6716035717906017e-7
3.0312836680947836e-7
4.068826830198793e-7
4.814534438700013e-7
5.301085295247735e-7
5.562249383587103e-7
5.631791505607883e-7
5.542563212546352e-7
5.325776377830115e-7
5.010447716200059e-7
4.6230004942961455e-7
4.187007528070946e-7
3.723058236233183e-7
3.2487319190333767e-7
2.778659452570397e-7
2.3246561277898495e-7
1.8959093152359774e-7
1.4992059038502516e-7
1.1391859522109221e-7
8.186106219536943e-8
5.386341610865049e-8
2.990714077170248e-8
9.865394090188828e-9
-6.473042943127248e-9
-1.9381869459530153e-8
-2.91776761091999e-8
-3.6202806046178523e-8
-4.081070889300903e-8
-4.335374940571705e-8
-4.41733669954438e-8
-4.359243175727293e-8
-4.190960609166917e-8
-3.9395496965110785e-8
-3.62903707770354e-8
-3.2803199051284655e-8
-2.9111807218671314e-8
-2.5363908923896686e-8
-2.167882324588359e-8
-1.8149690472540544e-8
-1.484602257686811e-8
-1.1816446126916222e-8
-9.091517146108188e-9
-6.6865088585357085e-9
-4.604093449805252e-9
-2.8368578236298223e-9
-1.3696102494319129e-9
-1.8144984072123588e-10
7.524163102463899e-10
1.459112667278814e-9
1.9667869435402267e-9
2.303542550786031e-9
2.4965951784690073e-9
2.5716333036304977e-9
2.5523601580781236e-9
2.460193615180014e-9
2.3141003215217115e-9
2.130541119937414e-9
1.923505986434204e-9
1.7046184918245375e-9
1.4832917025718595e-9
1.2669196655309967e-9
1.0610907881514198e-9
8.698116378633852e-10
6.957318105958385e-10
5.403624460864273e-10
4.042827891036216e-10
2.8733078665920536e-10
1.887750735894353e-10
1.0746690153442054e-10
4.197151930477802e-11
-9.32070409352323e-12
-4.8102529656690856e-11
-7.60761320611628e-11
-9.489580302113332e-11
-1.0612525924236574e-10
-1.1120765061860965e-10
-1.1144642337885396e-10
-1.0799516229204054e-10
-1.0185472734333678e-10
-9.387611619050135e-11
-8.476762727079729e-11
-7.510510280101662e-11
-6.5344206499722e-11
-5.583382887974775e-11
-4.682992221002186e-11
-3.850920678259012e-11
-3.098227252008867e-11
-2.43058263403248e-11
-1.8493830382035337e-11
-1.3527416600073172e-11
-9.363554148624637e-12
-5.9424354000893465e-12
-3.193655287599649e-12
-1.0412503108001014e-12
5.922995926187224e-13
1.7829809894134852e-12
2.6029819575820734e-12
3.1191019819049037e-12
3.3917344844161534e-12
3.4743209828200228e-12
3.413169269786409e-12
3.2475597731840278e-12
3.0100554210613084e-12
2.726960476005791e-12
2.418872285629703e-12
2.1012820389937348e-12
1.785202953345777e-12
1.4777879440985853e-12
1.182934175961159e-12
9.01858503241787e-13
6.336424440700483e-13
3.757443846081482e-13
1.2448596569802212e-13
-1.2448596569802212e-13
-3.757443846081482e-13
-6.336424440700483e-13
-9.01858503241787e-13
-1.182934175961159e-12
-1.4777879440985853e-12
-1.785202953345777e-12
-2.1012820389937348e-12
-2.418872285629703e-12
-2.726960476005791e-12
-3.0100554210613084e-12
-3.2475597731840278e-12
-3.413169269786409e-12
-3.4743209828200228e-12
-3.3917344844161534e-12
-3.1191019819049037e-12
-2.6029819575820734e-12
-1.7829809894134852e-12
-5.922995926187224e-13
1.0412503108001014e-12
3.193655287599649e-12
5.9424354000893465e-12
9.363554148624637e-12
1.3527416600073172e-11
1.8493830382035337e-11
2.43058263403248e-11
3.098227252008867e-11
3.850920678259012e-11
4.682992221002186e-11
5.583382887974775e-11
6.5344206499722e-11
7.510510280101662e-11
8.476762727079729e-11
9.387611619050135e-11
1.0185472734333678e-10
1.0799516229204054e-10
1.1144642337885396e-10
1.1120765061860965e-10
1.0612525924236574e-10
9.489580302113332e-11
7.60761320611628e-11
4.8102529656690856e-11
9.32070409352323e-12
-4.197151930477802e-11
-1.0746690153442054e-10
-1.887750735894353e-10
-2.8733078665920536e-10
-4.042827891036216e-10
-5.403624460864273e-10
-6.957318105958385e-10
-8.698116378633852e-10
-1.0610907881514198e-9
-1.2669196655309967e-9
-1.4832917025718595e-9
-1.7046184918245375e-9
-1.923505986434204e-9
-2.130541119937414e-9
-2.3141003215217115e-9
-2.460193615180014e-9
-2.5523601580781236e-9
-2.5716333036304977e-9
-2.4965951784690073e-9
-2.303542550786031e-9
-1.9667869435402267e-9
-1.459112667278814e-9
-7.524163102463899e-10
1.8144984072123588e-10
1.3696102494319129e-9
2.8368578236298223e-9
4.604093449805252e-9
6.6865088585357085e-9
9.091517146108188e-9
1.1816446126916222e-8
1.484602257686811e-8
1.8149690472540544e-8
2.167882324588359e-8
2.5363908923896686e-8
2.9111807218671314e-8
3.2803199051284655e-8
3.62903707770354e-8
3.9395496965110785e-8
4.190960609166917e-8
4.359243175727293e-8
4.41733669954438e-8
4.335374940571705e-8
4.081070889300903e-8
3.6202806046178523e-8
2.91776761091999e-8
1.9381869459530153e-8
6.473042943127248e-9
-9.865394090188828e-9
-2.990714077170248e-8
-5.386341610865049e-8
-8.186106219536943e-8
-1.1391859522109221e-7
-1.4992059038502516e-7
-1.8959093152359774e-7
-2.3246561277898495e-7
-2.778659452570397e-7
-3.2487319190333767e-7
-3.723058236233183e-7
-4.187007528070946e-7
-4.6230004942961455e-7
-5.010447716200059e-7
-5.325776377830115e-7
-5.542563212546352e-7
-5.631791505607883e-7
-5.562249383587103e-7
-5.301085295247735e-7
-4.814534438700013e-7
-4.068826830198793e-7
-3.0312836680947836e-7
-1.6716035717906017e-7
3.666585193448646e-9
2.1144828349730672e-7
4.575512550556403e-7
7.424203440653011e-7
1.065377753434074e-6
1.4244183896076597e-6
1.8160075017084262e-6
2.234887662467015e-6
2.6739031664070254e-6
3.123850868128454e-6
3.5733673030757493e-6
4.008862573589222e-6
4.4145118898716385e-6
4.772315773189499e-6
5.0622397012103915e-6
5.262443349460027e-6
5.349608509285257e-6
5.299373199083891e-6
5.086877399288273e-6
4.687423212110936e-6
4.077249069144549e-6
3.2344138959994675e-6
2.1397829259768315e-6
7.781021898753751e-7
-8.608563239614897e-7
-2.7811021411037204e-6
-4.979215132795158e-6
-7.443149838187637e-6
-0.000010151094601066799
-0.000013070429627714923
-0.000016156832221349274
-0.000019353580727262477
-0.00002259111088657816
-0.000025786879099867635
-0.000028845586306186
-0.00003165981356619289
-0.000034111115803753386