0.00017090186960442774
0.00020772764830920276
0.00024552265643974476
0.0002834503744569617
0.0003205336781350852
0.0003556592498507034
0.00038758650541179064
0.0004149614691912485
0.00043633594958145117
0.0004501922636105113
0.00045497363391005206
0.00044912023374231447
0.00043111068791252573
0.0003995086513700289
0.0003530138862888402
0.00029051704645665505
0.00021115715982923146
0.00011438058191458322
-1.919046345444375e-11
-0.00013174828353047438
-0.00028015020006804964
-0.00044396552912498184
-0.0006213866776394756
-0.0008100071619311763
-0.0010068018023946883
-0.001208120743302064
-0.001409699272492933
-0.001606685225258842
-0.0017936854908645302
-0.0019648327974629357
-0.002113873532377712
-0.00223427686296857
-0.0023193648642594253
-0.0023624627416017046
-0.0023570675710263746
-0.0022970332805005884
-0.002176768878551498
-0.0019914462215535264
-0.0017372129183836921
-0.001411405323791525
-0.0010127559935262055
-0.0005415894893892326
-5.518701381296287e-11
0.0006079955415911392
0.0012763367709676112
0.0019968363546861204
0.002759141867457718
0.0035507477338865877
0.004357062688462643
0.005161536807927716
0.00594585105573691
0.006690170909294758
0.00737346409121451
0.007973880722223407
0.008469192388736198
0.008837284712452797
0.009056696068641379
0.009107193175397658
0.008970372423749986
0.008630274096633857
0.008073995093642674
0.00729228449809518
0.0062801053514518835
0.005037145391754152
0.003568259316101702
0.0018838253831088842
-8.884921704616078e-11
-0.0020611455278381164
-0.004271617663830406
-0.006597637017970391
-0.008999923766540992
-0.011434139230550209
-0.01385148465807916
-0.016199455056790973
-0.01842274168053147
-0.020464272472113697
-0.022266375420816418
-0.023772045523513252
-0.024926291964659092
-0.025677538377781996
-0.02597904574465263
-0.02579032474909376
-0.025078502344007176
-0.023819606014806004
-0.021999728817108516
-0.01961603879974149
-0.016677597942508268
-0.013205958263991003
-0.009235506283401886
-0.00481353151951454
-1.1737893122754084e-10
0.005132979080680939
0.010502001777924664
0.01601352705792631
0.02156533822273698
0.02704828798178008
0.032348302281114065
0.03734860922690692
0.041932152163668746
0.04598413923695583
0.04939467591492981
0.052061422163048134
0.053892212441358514
0.05480757457876871
0.054743082996391385
0.05365148278955172
0.05150452388191637
0.048294448838667764
0.04403508392651387
0.03876249054824654
0.03253514312459904
0.025433609668662698
0.01755972248001463
0.009035238322971224
-1.381474865058685e-10
-0.009390377301674007
-0.01896725523125498
-0.028552113217227865
-0.037960016509746466
-0.047003344465819566
-0.05549569981312659
-0.06325591389326454
-0.07011205783587715
-0.0759053668177228
-0.08049398401039362
-0.08375643259364506
-0.08559472832430962
-0.0859370515573448
-0.08473990620681596
-0.08198970374046934
-0.07770372269403522
-0.07193040808963942
-0.06474899021954639
-0.05626841814657232
-0.046625619581700146
-0.03598311511498939
-0.02452603067762057
-0.012458567184650866
-1.4909778880273228e-10
0.012619705705593849
0.02516457151226982
0.03739746561847666
0.049085042247844005
0.06000264550903573
0.06993906656727866
0.07870104433189522
0.08611740527746188
0.0920427458914078
0.09636057154233585
0.09898581804105766
0.0998666965114293
0.09898581804105766
0.09636057154233585
0.0920427458914078
0.08611740527746188
0.07870104433189522
0.06993906656727866
0.06000264550903573
0.049085042247844005
0.03739746561847666
0.02516457151226982
0.012619705705593849
-1.4909778880273228e-10
-0.012458567184650866
-0.02452603067762057
-0.03598311511498939
-0.046625619581700146
-0.05626841814657232
-0.06474899021954639
-0.07193040808963942
-0.07770372269403522
-0.08198970374046934
-0.08473990620681596
-0.0859370515573448
-0.08559472832430962
-0.08375643259364506
-0.08049398401039362
-0.0759053668177228
-0.07011205783587715
-0.06325591389326454
-0.05549569981312659
-0.047003344465819566
-0.037960016509746466
-0.028552113217227865
-0.01896725523125498
-0.009390377301674007
-1.381474865058685e-10
0.009035238322971224
0.01755972248001463
0.025433609668662698
0.03253514312459904
0.03876249054824654
0.04403508392651387
0.048294448838667764
0.05150452388191637
0.05365148278955172
0.054743082996391385
0.05480757457876871
0.053892212441358514
0.052061422163048134
0.04939467591492981
0.04598413923695583
0.041932152163668746
0.03734860922690692
0.032348302281114065
0.02704828798178008
0.02156533822273698
0.01601352705792631
0.010502001777924664
0.005132979080680939
-1.1737893122754084e-10
-0.00481353151951454
-0.009235506283401886
-0.013205958263991003
-0.016677597942508268
-0.01961603879974149
-0.021999728817108516
-0.023819606014806004
-0.025078502344007176
-0.02579032474909376
-0.02597904574465263
-0.025677538377781996
-0.024926291964659092
-0.023772045523513252
-0.022266375420816418
-0.020464272472113697
-0.01842274168053147
-0.016199455056790973
-0.01385148465807916
-0.011434139230550209
-0.008999923766540992
-0.006597637017970391
-0.004271617663830406
-0.0020611455278381164
-8.884921704616078e-11
0.0018838253831088842
0.003568259316101702
0.005037145391754152
0.0062801053514518835
0.00729228449809518
0.008073995093642674
0.008630274096633857
0.008970372423749986
0.009107193175397658
0.009056696068641379
0.008837284712452797
0.008469192388736198
0.007973880722223407
0.00737346409121451
0.006690170909294758
0.00594585105573691
0.005161536807927716
0.004357062688462643
0.0035507477338865877
0.002759141867457718
0.0019968363546861204
0.0012763367709676112
0.0006079955415911392
-5.518701381296287e-11
-0.0005415894893892326
-0.0010127559935262055
-0.001411405323791525
-0.0017372129183836921
-0.0019914462215535264
-0.002176768878551498
-0.0022970332805005884
-0.0023570675710263746
-0.0023624627416017046
-0.0023193648642594253
-0.00223427686296857
-0.002113873532377712
-0.0019648327974629357
-0.0017936854908645302
-0.001606685225258842
-0.001409699272492933
-0.001208120743302064
-0.0010068018023946883
-0.0008100071619311763
-0.0006213866776394756
-0.00044396552912498184
-0.00028015020006804964
-0.00013174828353047438
-1.919046345444375e-11
0.00011438058191458322
0.00021115715982923146
0.00029051704645665505
0.0003530138862888402
0.0003995086513700289
0.00043111068791252573
0.00044912023374231447
0.00045497363391005206
0.0004501922636105113
0.00043633594958145117
0.0004149614691912485
0.00038758650541179064
0.0003556592498507034
0.0003205336781350852
0.0002834503744569617
0.00024552265643974476
0.00020772764830920276
0.00017090186960442774
0.00013574084767549541
0.00010280222380412707
0.00007251180334778319
0.00004517199791991087
0.000020972120129776964
1.6523655707589846e-11
-0.0000177454402454022
-0.00003234143566246614
-0.0000439282606190302
-0.000052696655675830116
-0.000058875731973363765
-0.00006272169415858387
-0.00006450753792561041
-0.00006451384474933123
-0.00006302075011607646
-0.00006030111977530558
-0.00005661493177110095
-0.000052204830568388944
-0.00004729279358107888
-0.000042077829780741254
-0.000036734614614591064
-0.00003141295487337804
-0.000026237971009998237
-0.00002131088224092189
-0.000016710281043584747
-0.000012493787846546388
-8.699983250104633e-6
-5.350523477141295e-6
-2.452354429952411e-6
4.975131678158773e-11
2.0224867926885853e-6
3.6389172288825086e-6
4.879487641431743e-6
5.778717461276273e-6
6.373871152810535e-6
6.703529034482068e-6
6.8063624221521195e-6
6.720112264592469e-6
6.480764995299426e-6
6.121914934215187e-6
5.6742991964096184e-6
5.165488632974044e-6
4.619716761530314e-6
4.057827842862856e-6
3.497325125312832e-6
2.9525007031946937e-6
2.434629315523247e-6
1.952209645883496e-6
1.5112381779661122e-6
1.1155023278593135e-6
7.668813355767023e-7
4.6564518774855346e-7
2.1074360267471504e-7
7.879357409590337e-11
-1.6924270256112386e-7
-3.006824102120588e-7
-3.9806851841726366e-7
-4.6542159689593366e-7
-5.068073826170871e-7
-5.262158249484498e-7
-5.274649699121316e-7
-5.141278070636135e-7
-4.894798834509037e-7
-4.5646529273513786e-7
-4.1767855657893344e-7
-3.7535991553004633e-7
-3.3140161942619983e-7
-2.8736293800242507e-7
-2.4449178709536057e-7
-2.037510700167791e-7
-1.6584805630041888e-7
-1.3126535146172624e-7
-1.0029224140409299e-7
-7.30554190128685e-8
-4.954831071476984e-8
-2.9658414728902377e-8
-1.3192237078999206e-8
1.0243557499629852e-10
1.0517055624330914e-8
1.8365646602255467e-8
2.397087872684292e-8
2.7652749524237352e-8
2.971968009798237e-8
3.046180212240568e-8
3.014618928012108e-8
2.9013777464760582e-8
2.7277718341912893e-8
2.512291897866642e-8
2.270653476701967e-8
2.015920092055673e-8
1.7586810003092368e-8
1.5072665440415967e-8
1.2679865137033008e-8
1.0453792536474493e-8
8.424614801345182e-9
6.609709043547268e-9
5.0159560632638545e-9
3.64185871824102e-9
2.4794562206338633e-9
1.5160185214396077e-9
7.35515352616456e-10
1.198627521022122e-10
-3.5004352151243867e-10
-6.934936019539761e-10
-9.29310647532211e-10
-1.0753600562102283e-9
-1.148200342096506e-9
-1.162855149845765e-9
-1.1326866406619063e-9
-1.0693513730758442e-9
-9.82821432744807e-10
-8.814554173369737e-10
-7.721054741741118e-10
-6.602486708404132e-10
-5.501327466489458e-10
-4.4492828475337087e-10
-3.468805967292432e-10
-2.574564526413442e-10
-1.7748196770757396e-10
-1.0726916718165752e-10
-4.6729482262863886e-11
4.52633763803334e-12
4.710219757633749e-11
8.174403948874032e-11
1.0928003207205661e-10
1.3057232118446338e-10
1.4647945616869107e-10
1.5782804663883043e-10
1.6539241243923586e-10
1.698810927000527e-10
1.7192884615990778e-10
1.7209327886347214e-10
1.7085490053997399e-10
1.686199088343776e-10
1.6572481321280863e-10
1.624424618255904e-10
1.589887431777126e-10
1.555296451523358e-10
1.5218841096197033e-10
1.490524067831924e-10
1.4617961702212412e-10
1.4360465052341842e-10
1.4134418028360907e-10
1.3940165775189195e-10
1.3777155197930435e-10
1.3644289344194593e-10
1.3540220854257878e-10
1.3463594301932336e-10
1.3413232937548036e-10
1.3388278419929067e-10
1.3388278419929067e-10
1.3413232937548036e-10
1.3463594301932336e-10
1.3540220854257878e-10
1.3644289344194593e-10
1.3777155197930435e-10
1.3940165775189195e-10
1.4134418028360907e-10
1.4360465052341842e-10
1.4617961702212412e-10
1.490524067831924e-10
1.5218841096197033e-10
1.555296451523358e-10
1.589887431777126e-10
1.624424618255904e-10
1.6572481321280863e-10
1.686199088343776e-10
1.7085490053997399e-10
1.7209327886347214e-10
1.7192884615990778e-10
1.698810927000527e-10
1.6539241243923586e-10
1.5782804663883043e-10
1.4647945616869107e-10
1.3057232118446338e-10
1.0928003207205661e-10
8.174403948874032e-11
4.710219757633749e-11
4.52633763803334e-12
-4.6729482262863886e-11
-1.0726916718165752e-10
-1.7748196770757396e-10
-2.574564526413442e-10
-3.468805967292432e-10
-4.4492828475337087e-10
-5.501327466489458e-10
-6.602486708404132e-10
-7.721054741741118e-10
-8.814554173369737e-10
-9.82821432744807e-10
-1.0693513730758442e-9
-1.1326866406619063e-9
-1.162855149845765e-9
-1.148200342096506e-9
-1.0753600562102283e-9
-9.29310647532211e-10
-6.934936019539761e-10
-3.5004352151243867e-10
1.198627521022122e-10
7.35515352616456e-10
1.5160185214396077e-9
2.4794562206338633e-9
3.64185871824102e-9
5.0159560632638545e-9
6.609709043547268e-9
8.424614801345182e-9
1.0453792536474493e-8
1.2679865137033008e-8
1.5072665440415967e-8
1.7586810003092368e-8
2.015920092055673e-8
2.270653476701967e-8
2.512291897866642e-8
2.7277718341912893e-8
2.9013777464760582e-8
3.014618928012108e-8
3.046180212240568e-8
2.971968009798237e-8
2.7652749524237352e-8
2.397087872684292e-8
1.8365646602255467e-8
1.0517055624330914e-8
1.0243557499629852e-10
-1.3192237078999206e-8
-2.9658414728902377e-8
-4.954831071476984e-8
-7.30554190128685e-8
-1.0029224140409299e-7
-1.3126535146172624e-7
-1.6584805630041888e-7
-2.037510700167791e-7
-2.4449178709536057e-7
-2.8736293800242507e-7
-3.3140161942619983e-7
-3.7535991553004633e-7
-4.1767855657893344e-7
-4.5646529273513786e-7
-4.894798834509037e-7
-5.141278070636135e-7
-5.274649699121316e-7
-5.262158249484498e-7
-5.068073826170871e-7
-4.6542159689593366e-7
-3.9806851841726366e-7
-3.006824102120588e-7
-1.6924270256112386e-7
7.879357409590337e-11
2.1074360267471504e-7
4.6564518774855346e-7
7.668813355767023e-7
1.1155023278593135e-6
1.5112381779661122e-6
1.952209645883496e-6
2.434629315523247e-6
2.9525007031946937e-6
3.497325125312832e-6
4.057827842862856e-6
4.619716761530314e-6
5.165488632974044e-6
5.6742991964096184e-6
6.121914934215187e-6
6.480764995299426e-6
6.720112264592469e-6
6.8063624221521195e-6
6.703529034482068e-6
6.373871152810535e-6
5.778717461276273e-6
4.879487641431743e-6
3.6389172288825086e-6
2.0224867926885853e-6
4.975131678158773e-11
-2.452354429952411e-6
-5.350523477141295e-6
-8.699983250104633e-6
-0.000012493787846546388
-0.000016710281043584747
-0.00002131088224092189
-0.000026237971009998237
-0.00003141295487337804
-0.000036734614614591064
-0.000042077829780741254
-0.00004729279358107888
-0.000052204830568388944
-0.00005661493177110095
-0.00006030111977530558
-0.00006302075011607646
-0.00006451384474933123
-0.00006450753792561041
-0.00006272169415858387
-0.000058875731973363765
-0.000052696655675830116
-0.0000439282606190302
-0.00003234143566246614
-0.0000177454402454022
1.6523655707589846e-11
0.000020972120129776964
0.00004517199791991087
0.00007251180334778319
0.00010280222380412707
0.00013574084767549541