2.8436974996992603e-13
2.526728826168778e-13
1.9579476928655026e-13
1.2550377403997004e-13
5.6316062924111066e-14
2.3626933742804113e-15
-2.4968742351472173e-14
-2.0258100752457153e-14
1.5629858518551032e-14
7.51620987671231e-14
1.4606371667724716e-13
2.13690176664727e-13
2.6395552410463097e-13
2.8649305150452165e-13
2.765426776463187e-13
2.361721929133864e-13
1.7362500326356667e-13
1.0177969578251123e-13
3.536407278126319e-14
-1.1841222447017685e-14
-3.005186160684459e-14
-1.5553530685608052e-14
2.8765184678647415e-14
9.395262345890387e-14
1.6667917046575553e-13
2.322031456003515e-13
2.7720881146109377e-13
2.928074449570772e-13
2.7620961073893113e-13
2.3099577806107163e-13
1.6680407055602586e-13
9.669348655094723e-14
3.4802022375046704e-14
-7.148795444500422e-15
-2.2434311353070058e-14
-1.1025902413308586e-14
2.040034807748725e-14
5.907774269786614e-14
8.906070325664928e-14
9.423017921506016e-14
6.177003353258215e-14
-1.444677710793485e-14
-1.3175571744739045e-13
-2.775071838989618e-13
-4.289069099883136e-13
-5.550837567369626e-13
-6.182901413076536e-13
-5.768779551273973e-13
-3.8729436324658195e-13
-6.571132527000145e-15
6.055850265695994e-13
1.4841947115762366e-12
2.6553620413594103e-12
4.130223940634892e-12
5.896019783513395e-12
7.903511178852796e-12
1.0050252297055806e-11
1.2160342177658379e-11
1.3962227207731104e-11
1.5067287695291753e-11
1.495254267624979e-11
1.2952905783548962e-11
8.269052109710628e-12
-2.3175905639050143e-15
-1.2808358540450371e-11
-3.104217577432067e-11
-5.540193304121033e-11
-8.620103242318322e-11
-1.2312975639083845e-10
-1.6497134214255027e-10
-2.0928443700274357e-10
-2.520724323717971e-10
-2.874718865730763e-10
-3.0750554533276464e-10
-3.0196127022430463e-10
-2.584711932332451e-10
-1.6287950502236193e-10
1.7069679003611782e-15
2.451541747383601e-10
5.855387980036042e-10
1.029643453831497e-9
1.5783688106507654e-9
2.2212984646108325e-9
2.9324884326387135e-9
3.666028126902976e-9
4.351767432519971e-9
4.891765215120358e-9
5.15818125365608e-9
4.993499885287689e-9
4.2141071777968e-9
2.618325601472238e-9
5.474787290182803e-15
-3.831357515970968e-9
-9.023298538912705e-9
-1.564566243228427e-8
-2.36490090288477e-8
-3.281763329143761e-8
-4.2719888029840725e-8
-5.265991526171021e-8
-6.163645317747157e-8
-6.831598512585524e-8
-7.102897984709311e-8
-6.779913137736158e-8
-5.64160931026958e-8
-3.456192085998788e-8
9.048317650695026e-15
4.916777926466942e-8
1.1417426000470687e-7
1.951964631180525e-7
2.909150133845184e-7
3.980483148369185e-7
5.108979626439192e-7
6.209547672650362e-7
7.16627396327163e-7
7.831667857491342e-7
8.02867427518103e-7
7.55629457211901e-7
6.199610028817526e-7
3.744863361215822e-7
1.2420620087993939e-14
-5.179311406838805e-7
-1.185868410080726e-6
-1.999019699688853e-6
-2.937569071950752e-6
-3.963095608655598e-6
-5.01544787462338e-6
-6.010523335417406e-6
-6.839470522115865e-6
-7.369874148673711e-6
-7.449487066176104e-6
-6.913024865230419e-6
-5.592426788034177e-6
-3.330800302576986e-6
1.5487611193520934e-14
4.478556304449155e-6
0.000010110652608238957
0.000016804919657567585
0.00002434916840661494
0.000032389726253995166
0.00004041654008993256
0.00004775714810308085
0.000053582782968769616
0.00005692978516323721
0.00005673911198485779
0.00005191597027676825
0.000041410441124850594
0.00002431839116012746
1.8193779816044753e-14
-0.00003178905867622095
-0.0000707612529129431
-0.00011596567520133494
-0.00016567380580298496
-0.0002172969785560197
-0.0002673512610817108
-0.00031148574992095196
-0.00034458927696704583
-0.00036098797175489195
-0.00035474184000648494
-0.00032004242196526783
-0.0002517057421678112
-0.0001457453807440917
2.08305594995295e-14
0.00018522133667649154
0.0004065234034705961
0.0006568953578499903
0.0009253313445248962
0.001196668351932148
0.0014517072571334638
0.0016676760318136558
0.0018190806574406929
0.0018789690287330128
0.0018206061182665621
0.0016195256290107637
0.0012558856359663612
0.0007170153652594907
2.2995494397548555e-14
-0.0008858864597778293
-0.0019171199916031834
-0.0030544753819712056
-0.004242427246638536
-0.005409630829318238
-0.00647067465598522
-0.007329239213926607
-0.007882715614332611
-0.00802823760902268
-0.00766996332225614
-0.006727315682592272
-0.005143760854792859
-0.0028955817548303453
2.500777362968165e-14
0.0034780740114313258
0.007421415461890624
0.011658717286122111
0.0159663350467516
0.02007405717938615
0.02367520705028983
0.026441117825157748
0.028039706722549594
0.028157527636007255
0.026524321404216566
0.022938736651095443
0.017293589670254017
0.009598799181477519
2.6700863742235015e-14
-0.011209165466147308
-0.023582937433453077
-0.03652907024451349
-0.04932530496770124
-0.061147174050110414
-0.07110689466908673
-0.07830228428136858
-0.0818737684599435
-0.0810667058550938
-0.07529549310384492
-0.06420530136092782
-0.047726901104506586
-0.026119910564031373
2.808864252301646e-14
0.02965387457849225
0.06151524503468034
0.09395073265547546
0.1250858041963823
0.15289431230773143
0.17530864996589526
0.19034556285797324
0.1962410230834255
0.1915862063834112
0.17545566185654207
0.14751833006134754
0.10812223851523184
0.05834453336127715
2.930988785010413e-14
-0.06439665632320252
-0.13171684609412065
-0.19835147270160788
-0.260387406762678
-0.3138195349614541
-0.3547878046686097
-0.37982608625037206
-0.3861077542461391
-0.3716718382006583
-0.33561355881677307
-0.2782241290026911
-0.2010668739546225
-0.10697994277922523
3.0142555118573e-14
0.1147939222628894
0.2315120461906232
0.343751334510024
0.4449442852616078
0.5287401921360898
0.5893967359367219
0.6221577638756864
0.6235926007785443
0.5918733403646932
0.5269692991556363
0.43074208009445347
0.3069302750609282
0.16101941972677158
3.066991105526995e-14
-0.16797636444987143
-0.3340254587516918
-0.48902049597311975
-0.6241155386219794
-0.7312710487795723
-0.8037490545383297
-0.8365462696474069
-0.8267364555430285
-0.7736982364821074
-0.6792111956399357
-0.5474109945929186
-0.38460297270476856
-0.1989426316529595
3.091971123581061e-14
0.20176747789967997
0.3956027029205255
0.5710622289386746
0.7186179531409367
0.8302103451005989
0.8997190771565878
0.9233218524749496
0.8997190771565878
0.8302103451005989
0.7186179531409367
0.5710622289386746
0.3956027029205255
0.20176747789967997
3.091971123581061e-14
-0.1989426316529595
-0.38460297270476856
-0.5474109945929186
-0.6792111956399357
-0.7736982364821074
-0.8267364555430285
-0.8365462696474069
-0.8037490545383297
-0.7312710487795723
-0.6241155386219794
-0.48902049597311975
-0.3340254587516918
-0.16797636444987143
3.066991105526995e-14
0.16101941972677158
0.3069302750609282
0.43074208009445347
0.5269692991556363
0.5918733403646932
0.6235926007785443
0.6221577638756864
0.5893967359367219
0.5287401921360898
0.4449442852616078
0.343751334510024
0.2315120461906232
0.1147939222628894
3.0142555118573e-14
-0.10697994277922523
-0.2010668739546225
-0.2782241290026911
-0.33561355881677307
-0.3716718382006583
-0.3861077542461391
-0.37982608625037206
-0.3547878046686097
-0.3138195349614541
-0.260387406762678
-0.19835147270160788
-0.13171684609412065
-0.06439665632320252
2.930988785010413e-14
0.05834453336127715
0.10812223851523184
0.14751833006134754
0.17545566185654207
0.1915862063834112
0.1962410230834255
0.19034556285797324
0.17530864996589526
0.15289431230773143
0.1250858041963823
0.09395073265547546
0.06151524503468034
0.02965387457849225
2.808864252301646e-14
-0.026119910564031373
-0.047726901104506586
-0.06420530136092782
-0.07529549310384492
-0.0810667058550938
-0.0818737684599435
-0.07830228428136858
-0.07110689466908673
-0.061147174050110414
-0.04932530496770124
-0.03652907024451349
-0.023582937433453077
-0.011209165466147308
2.6700863742235015e-14
0.009598799181477519
0.017293589670254017
0.022938736651095443
0.026524321404216566
0.028157527636007255
0.028039706722549594
0.026441117825157748
0.02367520705028983
0.02007405717938615
0.0159663350467516
0.011658717286122111
0.007421415461890624
0.0034780740114313258
2.500777362968165e-14
-0.0028955817548303453
-0.005143760854792859
-0.006727315682592272
-0.00766996332225614
-0.00802823760902268
-0.007882715614332611
-0.007329239213926607
-0.00647067465598522
-0.005409630829318238
-0.004242427246638536
-0.0030544753819712056
-0.0019171199916031834
-0.0008858864597778293
2.2995494397548555e-14
0.0007170153652594907
0.0012558856359663612
0.0016195256290107637
0.0018206061182665621
0.0018789690287330128
0.0018190806574406929
0.0016676760318136558
0.0014517072571334638
0.001196668351932148
0.0009253313445248962
0.0006568953578499903
0.0004065234034705961
0.00018522133667649154
2.08305594995295e-14
-0.0001457453807440917
-0.0002517057421678112
-0.00032004242196526783
-0.00035474184000648494
-0.00036098797175489195
-0.00034458927696704583
-0.00031148574992095196
-0.0002673512610817108
-0.0002172969785560197
-0.00016567380580298496
-0.00011596567520133494
-0.0000707612529129431
-0.00003178905867622095
1.8193779816044753e-14
0.00002431839116012746
0.000041410441124850594
0.00005191597027676825
0.00005673911198485779
0.00005692978516323721
0.000053582782968769616
0.00004775714810308085
0.00004041654008993256
0.000032389726253995166
0.00002434916840661494
0.000016804919657567585
0.000010110652608238957
4.478556304449155e-6
1.5487611193520934e-14
-3.330800302576986e-6
-5.592426788034177e-6
-6.913024865230419e-6
-7.449487066176104e-6
-7.369874148673711e-6
-6.839470522115865e-6
-6.010523335417406e-6
-5.01544787462338e-6
-3.963095608655598e-6
-2.937569071950752e-6
-1.999019699688853e-6
-1.185868410080726e-6
-5.179311406838805e-7
1.2420620087993939e-14
3.744863361215822e-7
6.199610028817526e-7
7.55629457211901e-7
8.02867427518103e-7
7.831667857491342e-7
7.16627396327163e-7
6.209547672650362e-7
5.108979626439192e-7
3.980483148369185e-7
2.909150133845184e-7
1.951964631180525e-7
1.1417426000470687e-7
4.916777926466942e-8
9.048317650695026e-15
-3.456192085998788e-8
-5.64160931026958e-8
-6.779913137736158e-8
-7.102897984709311e-8
-6.831598512585524e-8
-6.163645317747157e-8
-5.265991526171021e-8
-4.2719888029840725e-8
-3.281763329143761e-8
-2.36490090288477e-8
-1.564566243228427e-8
-9.023298538912705e-9
-3.831357515970968e-9
5.474787290182803e-15
2.618325601472238e-9
4.2141071777968e-9
4.993499885287689e-9
5.15818125365608e-9
4.891765215120358e-9
4.351767432519971e-9
3.666028126902976e-9
2.9324884326387135e-9
2.2212984646108325e-9
1.5783688106507654e-9
1.029643453831497e-9
5.855387980036042e-10
2.451541747383601e-10
1.7069679003611782e-15
-1.6287950502236193e-10
-2.584711932332451e-10
-3.0196127022430463e-10
-3.0750554533276464e-10
-2.874718865730763e-10
-2.520724323717971e-10
-2.0928443700274357e-10
-1.6497134214255027e-10
-1.2312975639083845e-10
-8.620103242318322e-11
-5.540193304121033e-11
-3.104217577432067e-11
-1.2808358540450371e-11
-2.3175905639050143e-15
8.269052109710628e-12
1.2952905783548962e-11
1.495254267624979e-11
1.5067287695291753e-11
1.3962227207731104e-11
1.2160342177658379e-11
1.0050252297055806e-11
7.903511178852796e-12
5.896019783513395e-12
4.130223940634892e-12
2.6553620413594103e-12
1.4841947115762366e-12
6.055850265695994e-13
-6.571132527000145e-15
-3.8729436324658195e-13
-5.768779551273973e-13
-6.182901413076536e-13
-5.550837567369626e-13
-4.289069099883136e-13
-2.775071838989618e-13
-1.3175571744739045e-13
-1.444677710793485e-14
6.177003353258215e-14
9.423017921506016e-14
8.906070325664928e-14
5.907774269786614e-14
2.040034807748725e-14
-1.1025902413308586e-14
-2.2434311353070058e-14
-7.148795444500422e-15
3.4802022375046704e-14
9.669348655094723e-14
1.6680407055602586e-13
2.3099577806107163e-13
2.7620961073893113e-13
2.928074449570772e-13
2.7720881146109377e-13
2.322031456003515e-13
1.6667917046575553e-13
9.395262345890387e-14
2.8765184678647415e-14
-1.5553530685608052e-14
-3.005186160684459e-14
-1.1841222447017685e-14
3.536407278126319e-14
1.0177969578251123e-13
1.7362500326356667e-13
2.361721929133864e-13
2.765426776463187e-13
2.8649305150452165e-13
2.6395552410463097e-13
2.13690176664727e-13
1.4606371667724716e-13
7.51620987671231e-14
1.5629858518551032e-14
-2.0258100752457153e-14
-2.4968742351472173e-14
2.3626933742804113e-15
5.6316062924111066e-14
1.2550377403997004e-13
1.9579476928655026e-13
2.526728826168778e-13
2.8436974996992603e-13