1.6271923045096948e-14
4.5488786348801824e-14
6.530193052967093e-14
7.163714066393823e-14
6.31942415063591e-14
4.170795653291037e-14
1.1634790353376445e-14
-2.0847906734289268e-14
-4.8981652067681125e-14
-6.698461230136843e-14
-7.112366251504909e-14
-6.053317569421068e-14
-3.737288256644433e-14
-6.460652325623872e-15
2.5829598876425663e-14
5.2850952780847393e-14
6.901944293868922e-14
7.097794574306704e-14
5.830058658062853e-14
3.3601593729670753e-14
1.9220736113823023e-15
-3.020673988718414e-14
-5.622238785640832e-14
-7.076630947899787e-14
-7.093284293269164e-14
-5.671678404706171e-14
-3.1121372839892913e-14
5.574425469834221e-16
3.178360352684706e-14
5.621718368598039e-14
6.891015535970269e-14
6.764554194571559e-14
5.3132845345693624e-14
2.9106925203414846e-14
1.5092094240998222e-15
-2.2679774724920776e-14
-3.6925323909642316e-14
-3.64326624424649e-14
-1.946706684741173e-14
1.2411946470614055e-14
5.409431583225377e-14
9.774364477521669e-14
1.337046792726504e-13
1.5198259317728002e-13
1.431736673662698e-13
9.971537484609883e-14
1.6273440928138427e-14
-1.1005779620987255e-13
-2.7989416340190587e-13
-4.916553275613467e-13
-7.414902025715264e-13
-1.0224217306120664e-12
-1.3228767040129874e-12
-1.6238599007123433e-12
-1.895707657691148e-12
-2.0940085602993985e-12
-2.1558518858988407e-12
-1.9967569264700558e-12
-1.5101322969890418e-12
-5.693830823494395e-13
9.652556531847267e-13
3.234305184784958e-12
6.360181478703986e-12
1.0420929744126006e-11
1.5416617635266583e-11
2.1228562310793286e-11
2.7573048011486634e-11
3.3952215604954317e-11
3.960606875016287e-11
4.347198209048164e-11
4.415998816620359e-11
3.9954102526440494e-11
2.885252627093937e-11
8.660789099779187e-12
-2.2846849412339054e-11
-6.768403199020057e-11
-1.2731541515487166e-10
-2.0222066382524773e-10
-2.9136274642960203e-10
-3.9157728275174275e-10
-4.969157455306239e-10
-5.979971032243903e-10
-6.814463958393358e-10
-7.295237859986092e-10
-7.200749094216086e-10
-6.269531387104177e-10
-4.2108094788773087e-10
-7.231854004530192e-11
4.4770810322947163e-10
1.1617071436764714e-9
2.0817063697831095e-9
3.202986452455203e-9
4.497166857658774e-9
5.90482924535396e-9
7.328277667854877e-9
8.625273376821133e-9
9.604828602599591e-9
1.0026374281171813e-8
9.603801498850317e-9
8.015973431904633e-9
4.925271517020047e-9
5.525312846144104e-12
-7.019766944810213e-9
-1.6328735662207716e-8
-2.7942780995299232e-8
-4.1660713790206416e-8
-5.6989174972849055e-8
-7.307497021206977e-8
-8.864694187472183e-8
-1.0197695912513472e-7
-1.1087132001548483e-7
-1.1270506206778608e-7
-1.0451205506752104e-7
-8.31429579992854e-8
-4.5500819421256944e-8
1.1140032184914217e-8
8.873235886677766e-8
1.879805699364634e-7
3.0781087465014956e-7
4.4481871974352827e-7
5.92738680735283e-7
7.419957276551259e-7
8.79409539290138e-7
9.881336941216894e-7
1.047917236140887e-6
1.0357752343627402e-6
9.271454196758261e-7
6.975878476117581e-7
3.2505226388659936e-7
-2.073074086422766e-7
-9.078501379509996e-7
-1.7728445718123709e-6
-2.782771588705907e-6
-3.898840151287525e-6
-5.060102522796983e-6
-6.181622091413173e-6
-7.154193049915998e-6
-7.8461251750068e-6
-8.107577879949007e-6
-7.777845280214357e-6
-6.695849884597732e-6
-4.713891722449293e-6
-1.7144220537876342e-6
2.3707277166905294e-6
7.539617280467176e-6
0.000013699335981325056
0.00002064678331326758
0.000028053230895216247
0.00003545508285327653
0.00004225339207819621
0.000047724643153358945
0.000051045031903902693
0.0000513299181617681
0.000047689278576772826
0.000039298836663152065
0.0000254851203480011
5.821046418406917e-6
-0.000019773156472269876
-0.00005093067768130802
-0.00008674916367572283
-0.00012572206957752255
-0.00016570115892242457
-0.00020390110628093483
-0.00023695637740960354
-0.00026103873155533183
-0.00027204071474995137
-0.0002658263728124253
-0.0002385451864232585
-0.00018699910831803182
-0.00010904587571779548
-4.014912178853386e-6
0.0001268943346802165
0.00028026721856201295
0.000450221221791388
0.0006282864697703602
0.0008034584372150835
0.0009624566298450325
0.0010902139404638843
0.0011706083637988982
0.0011874320601945963
0.0011255729940152434
0.0009723625285896174
0.0007190197984943032
0.00036210209562265866
-0.00009514815581612712
-0.00064168291456939
-0.0012578841819151573
-0.0019152830697042843
-0.002576876681594585
-0.003198132954750058
-0.0037287377847879536
-0.004115092107225696
-0.004303510888705899
-0.004244013992128464
-0.0038945344212513583
-0.0032253071802859877
-0.0022231471824962976
-0.0008952828830370643
0.0007276109431034739
0.0025895377221075294
0.004608790003624262
0.006679319070267142
0.00867404893894242
0.010450206132779544
0.011856599055728938
0.012742627078057034
0.012968638915911806
0.01241710386343382
0.011003920515735635
0.008689078893449213
0.005485825942138645
0.0014674722698030176
-0.0032289719115007193
-0.008403026648636132
-0.013795348806794061
-0.019096979992001047
-0.023963202582990763
-0.028031636722069757
-0.030943861702414338
-0.03236950445013019
-0.032031432215259795
-0.029730443142300087
-0.02536769253634138
-0.018963046132269262
-0.010667630467999976
-0.0007690628292897697
0.010311811727316399
0.022033382050720335
0.0337550699717089
0.04476796912171879
0.05433315964881164
0.06172588462168373
0.06628318834157024
0.06745214487596807
0.06483549192850076
0.0582313680953119
0.04766395691332008
0.03340218103207463
0.01596416021022455
-0.0038940738351654
-0.025206163079174622
-0.04683880111477945
-0.06754928075364107
-0.08605450146784986
-0.10110774643627816
-0.1115787431400675
-0.11653198007669452
-0.11529802143304621
-0.10753267889640272
-0.09325937979634048
-0.07289090269665449
-0.047227798466735096
-0.01743221480919486
0.015022588653525515
0.04842511015068643
0.0809173412628116
0.11060041151144635
0.1356480136047556
0.1544206697960432
0.16557352304240314
0.16815044015844655
0.1616578115784062
0.1461125026239961
0.12205989872682954
0.09055980443262636
0.05313998912781087
0.011719287897257555
-0.03149577987215822
-0.07413506233243224
-0.11380217492150244
-0.14821686641931311
-0.17535344654773088
-0.19356643151017883
-0.2016952176959601
-0.19914080706620121
-0.18590930733603322
-0.16261900742984872
-0.13047014713807192
-0.09117890406322039
-0.046879447647499295
0.
0.046879447647499295
0.09117890406322039
0.13047014713807192
0.16261900742984872
0.18590930733603322
0.19914080706620121
0.2016952176959601
0.19356643151017883
0.17535344654773088
0.14821686641931311
0.11380217492150244
0.07413506233243224
0.03149577987215822
-0.011719287897257555
-0.05313998912781087
-0.09055980443262636
-0.12205989872682954
-0.1461125026239961
-0.1616578115784062
-0.16815044015844655
-0.16557352304240314
-0.1544206697960432
-0.1356480136047556
-0.11060041151144635
-0.0809173412628116
-0.04842511015068643
-0.015022588653525515
0.01743221480919486
0.047227798466735096
0.07289090269665449
0.09325937979634048
0.10753267889640272
0.11529802143304621
0.11653198007669452
0.1115787431400675
0.10110774643627816
0.08605450146784986
0.06754928075364107
0.04683880111477945
0.025206163079174622
0.0038940738351654
-0.01596416021022455
-0.03340218103207463
-0.04766395691332008
-0.0582313680953119
-0.06483549192850076
-0.06745214487596807
-0.06628318834157024
-0.06172588462168373
-0.05433315964881164
-0.04476796912171879
-0.0337550699717089
-0.022033382050720335
-0.010311811727316399
0.0007690628292897697
0.010667630467999976
0.018963046132269262
0.02536769253634138
0.029730443142300087
0.032031432215259795
0.03236950445013019
0.030943861702414338
0.028031636722069757
0.023963202582990763
0.019096979992001047
0.013795348806794061
0.008403026648636132
0.0032289719115007193
-0.0014674722698030176
-0.005485825942138645
-0.008689078893449213
-0.011003920515735635
-0.01241710386343382
-0.012968638915911806
-0.012742627078057034
-0.011856599055728938
-0.010450206132779544
-0.00867404893894242
-0.006679319070267142
-0.004608790003624262
-0.0025895377221075294
-0.0007276109431034739
0.0008952828830370643
0.0022231471824962976
0.0032253071802859877
0.0038945344212513583
0.004244013992128464
0.004303510888705899
0.004115092107225696
0.0037287377847879536
0.003198132954750058
0.002576876681594585
0.0019152830697042843
0.0012578841819151573
0.00064168291456939
0.00009514815581612712
-0.00036210209562265866
-0.0007190197984943032
-0.0009723625285896174
-0.0011255729940152434
-0.0011874320601945963
-0.0011706083637988982
-0.0010902139404638843
-0.0009624566298450325
-0.0008034584372150835
-0.0006282864697703602
-0.000450221221791388
-0.00028026721856201295
-0.0001268943346802165
4.014912178853386e-6
0.00010904587571779548
0.00018699910831803182
0.0002385451864232585
0.0002658263728124253
0.00027204071474995137
0.00026103873155533183
0.00023695637740960354
0.00020390110628093483
0.00016570115892242457
0.00012572206957752255
0.00008674916367572283
0.00005093067768130802
0.000019773156472269876
-5.821046418406917e-6
-0.0000254851203480011
-0.000039298836663152065
-0.000047689278576772826
-0.0000513299181617681
-0.000051045031903902693
-0.000047724643153358945
-0.00004225339207819621
-0.00003545508285327653
-0.000028053230895216247
-0.00002064678331326758
-0.000013699335981325056
-7.539617280467176e-6
-2.3707277166905294e-6
1.7144220537876342e-6
4.713891722449293e-6
6.695849884597732e-6
7.777845280214357e-6
8.107577879949007e-6
7.8461251750068e-6
7.154193049915998e-6
6.181622091413173e-6
5.060102522796983e-6
3.898840151287525e-6
2.782771588705907e-6
1.7728445718123709e-6
9.078501379509996e-7
2.073074086422766e-7
-3.2505226388659936e-7
-6.975878476117581e-7
-9.271454196758261e-7
-1.0357752343627402e-6
-1.047917236140887e-6
-9.881336941216894e-7
-8.79409539290138e-7
-7.419957276551259e-7
-5.92738680735283e-7
-4.4481871974352827e-7
-3.0781087465014956e-7
-1.879805699364634e-7
-8.873235886677766e-8
-1.1140032184914217e-8
4.5500819421256944e-8
8.31429579992854e-8
1.0451205506752104e-7
1.1270506206778608e-7
1.1087132001548483e-7
1.0197695912513472e-7
8.864694187472183e-8
7.307497021206977e-8
5.6989174972849055e-8
4.1660713790206416e-8
2.7942780995299232e-8
1.6328735662207716e-8
7.019766944810213e-9
-5.525312846144104e-12
-4.925271517020047e-9
-8.015973431904633e-9
-9.603801498850317e-9
-1.0026374281171813e-8
-9.604828602599591e-9
-8.625273376821133e-9
-7.328277667854877e-9
-5.90482924535396e-9
-4.497166857658774e-9
-3.202986452455203e-9
-2.0817063697831095e-9
-1.1617071436764714e-9
-4.4770810322947163e-10
7.231854004530192e-11
4.2108094788773087e-10
6.269531387104177e-10
7.200749094216086e-10
7.295237859986092e-10
6.814463958393358e-10
5.979971032243903e-10
4.969157455306239e-10
3.9157728275174275e-10
2.9136274642960203e-10
2.0222066382524773e-10
1.2731541515487166e-10
6.768403199020057e-11
2.2846849412339054e-11
-8.660789099779187e-12
-2.885252627093937e-11
-3.9954102526440494e-11
-4.415998816620359e-11
-4.347198209048164e-11
-3.960606875016287e-11
-3.3952215604954317e-11
-2.7573048011486634e-11
-2.1228562310793286e-11
-1.5416617635266583e-11
-1.0420929744126006e-11
-6.360181478703986e-12
-3.234305184784958e-12
-9.652556531847267e-13
5.693830823494395e-13
1.5101322969890418e-12
1.9967569264700558e-12
2.1558518858988407e-12
2.0940085602993985e-12
1.895707657691148e-12
1.6238599007123433e-12
1.3228767040129874e-12
1.0224217306120664e-12
7.414902025715264e-13
4.916553275613467e-13
2.7989416340190587e-13
1.1005779620987255e-13
-1.6273440928138427e-14
-9.971537484609883e-14
-1.431736673662698e-13
-1.5198259317728002e-13
-1.337046792726504e-13
-9.774364477521669e-14
-5.409431583225377e-14
-1.2411946470614055e-14
1.946706684741173e-14
3.64326624424649e-14
3.6925323909642316e-14
2.2679774724920776e-14
-1.5092094240998222e-15
-2.9106925203414846e-14
-5.3132845345693624e-14
-6.764554194571559e-14
-6.891015535970269e-14
-5.621718368598039e-14
-3.178360352684706e-14
-5.574425469834221e-16
3.1121372839892913e-14
5.671678404706171e-14
7.093284293269164e-14
7.076630947899787e-14
5.622238785640832e-14
3.020673988718414e-14
-1.9220736113823023e-15
-3.3601593729670753e-14
-5.830058658062853e-14
-7.097794574306704e-14
-6.901944293868922e-14
-5.2850952780847393e-14
-2.5829598876425663e-14
6.460652325623872e-15
3.737288256644433e-14
6.053317569421068e-14
7.112366251504909e-14
6.698461230136843e-14
4.8981652067681125e-14
2.0847906734289268e-14
-1.1634790353376445e-14
-4.170795653291037e-14
-6.31942415063591e-14
-7.163714066393823e-14
-6.530193052967093e-14
-4.5488786348801824e-14
-1.6271923045096948e-14